           0     28.4585
           1     27.5073
           2     27.3138
           3     26.5229
           4     26.5202
           5     25.2922
           6     22.4975
           7     22.4975
           8     22.4975
           9     21.9228
          10     21.4629
          11     19.0564
          12     17.7524
          13     17.7524
          14     17.7524
          15     17.6834
          16      17.414
          17      17.414
          18      17.414
          19      17.414
          20     17.2762
          21     15.3446
          22     15.3446
          23     15.3446
          24     15.3446
          25     15.3446
          26     15.3446
          27     15.2185
          28     15.2185
          29     15.2185
          30     15.2185
          31     12.9658
          32     12.9658
          33     12.9658
          34     12.9658
          35     12.5206
          36     12.5206
          37     12.5206
          38     12.5206
          39     12.3915
          40     12.3915
          41     12.3915
          42     12.3915
          43     12.3915
          44     12.3915
          45     12.3915
          46     12.3915
          47     12.3915
          48     12.3915
          49     12.3915
          50     12.3915
          51     12.3596
          52     12.3578
          53     12.2504
          54     11.9511
          55     11.9511
          56     11.9511
          57     11.8101
          58     11.8101
          59     11.8101
          60     11.8101
          61     11.8101
          62     11.8101
          63     11.8101
          64     11.8101
          65     11.7641
          66     11.7641
          67     11.6196
          68     11.6196
          69     11.4006
          70     11.4006
          71     10.9968
          72     10.9968
          73     10.9968
          74     10.9968
          75     10.9727
          76     10.9727
          77     10.9727
          78     10.9727
          79     10.9727
          80     10.9727
          81     10.9727
          82     10.4257
          83     10.4257
          84     10.4257
          85     10.4092
          86     10.4092
          87     10.4092
          88     10.4092
          89     10.4092
          90     10.4092
          91     10.4092
          92     10.4092
          93     10.4092
          94     10.4092
          95     10.4092
          96     10.4092
          97     10.4092
          98     10.4092
          99     10.4092
         100     10.4092
         101     9.40438
         102     9.40438
         103     9.40438
         104     9.40438
         105     9.40438
         106     9.40438
         107     9.40438
         108     9.40438
         109     9.40438
         110     9.40438
         111     9.37425
         112     9.37425
         113     9.37425
         114     9.37425
         115     9.37425
         116     9.37425
         117     9.37425
         118     9.37425
         119     9.37425
         120     9.37425
         121     9.37425
         122     9.37425
         123     9.37425
         124     9.37425
         125     9.37425
         126     9.37425
         127     9.37425
         128     9.37425
         129     9.37425
         130     9.37425
         131     9.37425
         132     9.37425
         133     9.37425
         134     9.37425
         135     9.37425
         136     9.37425
         137     9.37425
         138     9.37425
         139     9.37425
         140     9.37425
         141     9.37425
         142     9.37425
         143     9.37425
         144     9.37425
         145     9.37425
         146     9.37425
         147     9.37425
         148     9.37425
         149     9.37425
         150     9.37425
         151     9.37425
         152     9.37425
         153     9.37425
         154     9.37425
         155     9.37425
         156     9.37425
         157     9.37425
         158     9.37425
         159     9.37425
         160     9.37425
         161     9.37425
         162     9.37425
         163     9.37425
         164     9.37425
         165     9.37425
         166     9.37425
         167     9.37425
         168     9.37425
         169     9.37425
         170     9.37425
         171     9.37425
         172     9.37425
         173     9.37425
         174     9.37425
         175     9.37425
         176     9.37425
         177     9.37425
         178     9.37425
         179     9.37425
         180     9.37425
         181     9.37425
         182     9.37425
         183     9.37425
         184     9.37425
         185     9.37425
         186     9.37425
         187     9.37425
         188     9.37425
         189     9.37425
         190     9.37425
         191     9.37425
         192     9.37425
         193     9.37425
         194     9.37425
         195     9.37425
         196     9.37425
         197     9.37425
         198     9.37425
         199     9.37425
         200     9.37425
         201     9.37425
         202     9.37425
         203     9.37425
         204     9.37425
         205     9.37425
         206     9.37425
         207     9.37425
         208     9.37425
         209     9.37425
         210     9.37425
         211     9.37425
         212     9.37425
         213     9.37425
         214     9.37425
         215     9.37425
         216     9.37425
         217     9.37425
         218     9.37425
         219     9.37425
         220     9.37425
         221     9.37425
         222     9.37425
         223     9.37425
         224     9.37425
         225     9.37425
         226     9.37425
         227     9.37425
         228     9.37425
         229     9.37425
         230     9.37425
         231     9.37425
         232     9.37425
         233     9.37425
         234     9.37425
         235     9.37425
         236     9.37425
         237     9.37425
         238     9.37425
         239     9.37425
         240     9.37425
         241     9.37425
         242     9.37425
         243     9.37425
         244     9.37425
         245     9.37425
         246     9.37425
         247     9.37425
         248     9.37425
         249     9.37425
         250     9.37425
         251     9.37425
         252     9.37425
         253     9.37425
         254     9.37425
         255     9.37425
         256     9.37425
         257     9.37425
         258     9.37425
         259     9.37425
         260     9.37425
         261     9.37425
         262     9.37425
         263     9.37425
         264     9.37425
         265     9.37425
         266     9.37425
         267     9.37425
         268     9.37425
         269     9.37425
         270     9.37425
         271     9.37425
         272     9.37425
         273     9.37425
         274     9.37425
         275     9.37425
         276     9.37425
         277     9.37425
         278     9.37425
         279     9.37425
         280     9.37425
         281     9.37425
         282     9.37425
         283     9.37425
         284     9.37425
         285     9.37425
         286     9.37425
         287     9.37425
         288     9.37425
         289     9.37425
         290     9.37425
         291     9.37425
         292     9.37425
         293     9.37425
         294     9.37425
         295     9.37425
         296     9.37425
         297     9.37425
         298     9.37425
         299     9.37425
         300     9.37425
         301     9.37425
         302     9.37425
         303     9.37425
         304     9.37425
         305     9.37425
         306     9.37425
         307     9.37425
         308     9.37425
         309     9.37425
         310     9.37425
         311     9.37425
         312     9.37425
         313     9.37425
         314     9.37425
         315     9.37425
         316     9.37425
         317     9.37425
         318     9.37425
         319     9.37425
         320     9.37425
         321     9.37425
         322     9.37425
         323     9.37425
         324     9.37425
         325     9.37425
         326     9.37425
         327     9.37425
         328     9.37425
         329     9.37425
         330     9.37425
         331     9.37425
         332     9.37425
         333     9.37425
         334     9.37425
         335     9.37425
         336     9.37425
         337     9.37425
         338     9.37425
         339     9.37425
         340     9.37425
         341     9.37425
         342     9.37425
         343     9.37425
         344     9.37425
         345     9.37425
         346     9.37425
         347     9.37425
         348     9.37425
         349     9.37425
         350     9.37425
         351     9.37425
         352     9.37425
         353     9.37425
         354     9.37425
         355     9.37425
         356     9.37425
         357     9.37425
         358     9.37425
         359     9.37425
         360     9.37425
         361     9.37425
         362     9.37425
         363     9.37425
         364     9.37425
         365     9.37425
         366     9.37425
         367     9.37425
         368     9.37425
         369     9.37425
         370     9.37425
         371     9.37425
         372     9.37425
         373     9.37425
         374     9.37425
         375     9.37425
         376     9.37425
         377     9.37425
         378     9.37425
         379     9.37425
         380     9.37425
         381     9.37425
         382     9.37425
         383     9.37425
         384     9.37425
         385     9.37425
         386     9.37425
         387     9.37425
         388     9.37425
         389     9.37425
         390     9.37425
         391     9.37425
         392     9.37425
         393     9.37425
         394     9.37425
         395     9.37425
         396     9.37425
         397     9.37425
         398     9.37425
         399     9.37425
         400     9.37425
         401     9.37425
         402     9.37425
         403     9.37425
         404     9.37425
         405     9.37425
         406     9.37425
         407     9.37425
         408     9.37425
         409     9.37425
         410     9.37425
         411     9.37425
         412     9.37425
         413     9.37425
         414     9.37425
         415     9.37425
         416     9.37425
         417     9.37425
         418     9.37425
         419     9.37425
         420     9.37425
         421     9.37425
         422     9.37425
         423     9.37425
         424     9.37425
         425     9.37425
         426     9.37425
         427     9.37425
         428     9.37425
         429     9.37425
         430     9.37425
         431     9.37425
         432     9.37425
         433     9.37425
         434     9.37425
         435     9.37425
         436     9.37425
         437     9.37425
         438     9.37425
         439     9.37425
         440     9.37425
         441     9.37425
         442     9.37425
         443     9.37425
         444     9.37425
         445     9.37425
         446     9.37425
         447     9.37425
         448     9.37425
         449     9.37425
         450     9.37425
         451     9.37425
         452     9.37425
         453     9.37425
         454     9.37425
         455     9.37425
         456     9.37425
         457     9.37425
         458     9.37425
         459     9.37425
         460     9.37425
         461     9.37425
         462     9.37425
         463     9.37425
         464     9.37425
         465     9.37425
         466     9.37425
         467     9.37425
         468     9.37425
         469     9.37425
         470     9.37425
         471     9.37425
         472     9.37425
         473     9.37425
         474     9.37425
         475     9.37425
         476     9.37425
         477     9.37425
         478     9.37425
         479     9.37425
         480     9.37425
         481     9.37425
         482     9.37425
         483     9.37425
         484     9.37425
         485     9.37425
         486     9.37425
         487     9.37425
         488     9.37425
         489     9.37425
         490     9.37425
         491     9.37425
         492     9.37425
         493     9.37425
         494     9.37425
         495     9.37425
         496     9.37425
         497     9.37425
         498     9.37425
         499     9.37425
         500     9.37425
         501     9.37425
         502     9.37425
         503     9.37425
         504     9.37425
         505     9.37425
         506     9.37425
         507     9.37425
         508     9.37425
         509     9.37425
         510     9.37425
         511     9.37425
         512     9.37425
         513     9.37425
         514     9.37425
         515     9.37425
         516     9.37425
         517     9.37425
         518     9.37425
         519     9.37425
         520     9.37425
         521     9.37425
         522     9.37425
         523     9.37425
         524     9.37425
         525     9.37425
         526     9.37425
         527     9.37425
         528     9.37425
         529     9.37425
         530     9.37425
         531     9.37425
         532     9.37425
         533     9.37425
         534     9.37425
         535     9.37425
         536     9.37425
         537     9.37425
         538     9.37425
         539     9.37425
         540     9.37425
         541     9.37425
         542     9.37425
         543     9.37425
         544     9.37425
         545     9.37425
         546     9.37425
         547     9.37425
         548     9.37425
         549     9.37425
         550     9.37425
         551     9.37425
         552     9.37425
         553     9.37425
         554     9.37425
         555     9.37425
         556     9.37425
         557     9.37425
         558     9.37425
         559     9.37425
         560     9.37425
         561     9.37425
         562     9.37425
         563     9.37425
         564     9.37425
         565     9.37425
         566     9.37425
         567     9.37425
         568     9.37425
         569     9.37425
         570     9.37425
         571     9.37425
         572     9.37425
         573     9.37425
         574     9.37425
         575     9.37425
         576     9.37425
         577     9.37425
         578     9.37425
         579     9.37425
         580     9.37425
         581     9.37425
         582     9.37425
         583     9.37425
         584     9.37425
         585     9.37425
         586     9.37425
         587     9.37425
         588     9.37425
         589     9.37425
         590     9.37425
         591     9.37425
         592     9.37425
         593     9.37425
         594     9.37425
         595     9.37425
         596     9.37425
         597     9.37425
         598     9.37425
         599     9.37425
         600     9.37425
         601     9.37425
         602     9.37425
         603     9.37425
         604     9.37425
         605     9.37425
         606     9.37425
         607     9.37425
         608     9.37425
         609     9.37425
         610     9.37425
         611     9.37425
         612     9.37425
         613     9.37425
         614     9.37425
         615     9.37425
         616     9.37425
         617     9.37425
         618     9.37425
         619     9.37425
         620     9.37425
         621     9.37425
         622     9.37425
         623     9.37425
         624     9.37425
         625     9.37425
         626     9.37425
         627     9.37425
         628     9.37425
         629     9.37425
         630     9.37425
         631     9.37425
         632     9.37425
         633     9.37425
         634     9.37425
         635     9.37425
         636     9.37425
         637     9.37425
         638     9.37425
         639     9.37425
         640     9.37425
         641     9.37425
         642     9.37425
         643     9.37425
         644     9.37425
         645     9.37425
         646     9.37425
         647     9.37425
         648     9.37425
         649     9.37425
         650     9.37425
         651     9.37425
         652     9.37425
         653     9.37425
         654     9.37425
         655     9.37425
         656     9.37425
         657     9.37425
         658     9.37425
         659     9.37425
         660     9.37425
         661     9.37425
         662     9.37425
         663     9.37425
         664     9.37425
         665     9.37425
         666     9.37425
         667     9.37425
         668     9.37425
         669     9.37425
         670     9.37425
         671     9.37425
         672     9.37425
         673     9.37425
         674     9.37425
         675     9.37425
         676     9.37425
         677     9.37425
         678     9.37425
         679     9.37425
         680     9.37425
         681     9.37425
         682     9.37425
         683     9.37425
         684     9.37425
         685     9.37425
         686     9.37425
         687     9.37425
         688     9.37425
         689     9.37425
         690     9.37425
         691     9.37425
         692     9.37425
         693     9.37425
         694     9.37425
         695     9.37425
         696     9.37425
         697     9.37425
         698     9.37425
         699     9.37425
         700     9.37425
         701     9.37425
         702     9.37425
         703     9.37425
         704     9.37425
         705     9.37425
         706     9.37425
         707     9.37425
         708     9.37425
         709     9.37425
         710     9.37425
         711     9.37425
         712     9.37425
         713     9.37425
         714     9.37425
         715     9.37425
         716     9.37425
         717     9.37425
         718     9.37425
         719     9.37425
         720     9.37425
         721     9.37425
         722     9.37425
         723     9.37425
         724     9.37425
         725     9.37425
         726     9.37425
         727     9.37425
         728     9.37425
         729     9.37425
         730     9.37425
         731     9.37425
         732     9.37425
         733     9.37425
         734     9.37425
         735     9.37425
         736     9.37425
         737     9.37425
         738     9.37425
         739     9.37425
         740     9.37425
         741     9.37425
         742     9.37425
         743     9.37425
         744     9.37425
         745     9.37425
         746     9.37425
         747     9.37425
         748     9.37425
         749     9.37425
         750     9.37425
         751     9.37425
         752     9.37425
         753     9.37425
         754     9.37425
         755     9.37425
         756     9.37425
         757     9.37425
         758     9.37425
         759     9.37425
         760     9.37425
         761     9.37425
         762     9.37425
         763     9.37425
         764     9.37425
         765     9.37425
         766     9.37425
         767     9.37425
         768     9.37425
         769     9.37425
         770     9.37425
         771     9.37425
         772     9.37425
         773     9.37425
         774     9.37425
         775     9.37425
         776     9.37425
         777     9.37425
         778     9.37425
         779     9.37425
         780     9.37425
         781     9.37425
         782     9.37425
         783     9.37425
         784     9.37425
         785     9.37425
         786     9.37425
         787     9.37425
         788     9.37425
         789     9.37425
         790     9.37425
         791     9.37425
         792     9.37425
         793     9.37425
         794     9.37425
         795     9.37425
         796     9.37425
         797     9.37425
         798     9.37425
         799     9.37425
         800     9.37425
         801     9.37425
         802     9.37425
         803     9.37425
         804     9.37425
         805     9.37425
         806     9.37425
         807     9.37425
         808     9.37425
         809     9.37425
         810     9.37425
         811     9.37425
         812     9.37425
         813     9.37425
         814     9.37425
         815     9.37425
         816     9.37425
         817     9.37425
         818     9.37425
         819     9.37425
         820     9.37425
         821     9.37425
         822     9.37425
         823     9.37425
         824     9.37425
         825     9.37425
         826     9.37425
         827     9.37425
         828     9.37425
         829     9.37425
         830     9.37425
         831     9.37425
         832     9.37425
         833     9.37425
         834     9.37425
         835     9.37425
         836     9.37425
         837     9.37425
         838     9.37425
         839     9.37425
         840     9.37425
         841     9.37425
         842     9.37425
         843     9.37425
         844     9.37425
         845     9.37425
         846     9.37425
         847     9.37425
         848     9.37425
         849     9.37425
         850     9.37425
         851     9.37425
         852     9.37425
         853     9.37425
         854     9.37425
         855     9.37425
         856     9.37425
         857     9.37425
         858     9.37425
         859     9.37425
         860     9.37425
         861     9.37425
         862     9.37425
         863     9.37425
         864     9.37425
         865     9.37425
         866     9.37425
         867     9.37425
         868     9.37425
         869     9.37425
         870     9.37425
         871     9.37425
         872     9.37425
         873     9.37425
         874     9.37425
         875     9.37425
         876     9.37425
         877     9.37425
         878     9.37425
         879     9.37425
         880     9.37425
         881     9.37425
         882     9.37425
         883     9.37425
         884     9.37425
         885     9.37425
         886     9.37425
         887     9.37425
         888     9.37425
         889     9.37425
         890     9.37425
         891     9.37425
         892     9.37425
         893     9.37425
         894     9.37425
         895     9.37425
         896     9.37425
         897     9.37425
         898     9.37425
         899     9.37425
         900     9.37425
         901     9.37425
         902     9.37425
         903     9.37425
         904     9.37425
         905     9.37425
         906     9.37425
         907     9.37425
         908     9.37425
         909     9.37425
         910     9.37425
         911     9.37425
         912     9.37425
         913     9.37425
         914     9.37425
         915     9.37425
         916     9.37425
         917     9.37425
         918     9.37425
         919     9.37425
         920     9.37425
         921     9.37425
         922     9.37425
         923     9.37425
         924     9.37425
         925     9.37425
         926     9.37425
         927     9.37425
         928     9.37425
         929     9.37425
         930     9.37425
         931     9.37425
         932     9.37425
         933     9.37425
         934     9.37425
         935     9.37425
         936     9.37425
         937     9.37425
         938     9.37425
         939     9.37425
         940     9.37425
         941     9.37425
         942     9.37425
         943     9.37425
         944     9.37425
         945     9.37425
         946     9.37425
         947     9.37425
         948     9.37425
         949     9.37425
         950     9.37425
         951     9.37425
         952     9.37425
         953     9.37425
         954     9.37425
         955     9.37425
         956     9.37425
         957     9.37425
         958     9.37425
         959     9.37425
         960     9.37425
         961     9.37425
         962     9.37425
         963     9.37425
         964     9.37425
         965     9.37425
         966     9.37425
         967     9.37425
         968     9.37425
         969     9.37425
         970     9.37425
         971     9.37425
         972     9.37425
         973     9.37425
         974     9.37425
         975     9.37425
         976     9.37425
         977     9.37425
         978     9.37425
         979     9.37425
         980     9.37425
         981     9.37425
         982     9.37425
         983     9.37425
         984     9.37425
         985     9.37425
         986     9.37425
         987     9.37425
         988     9.37425
         989     9.37425
         990     9.37425
         991     9.37425
         992     9.37425
         993     9.37425
         994     9.37425
         995     9.37425
         996     9.37425
         997     9.37425
         998     9.37425
         999     9.37425
        1000     9.37425
