1 0.5012142485 0
2 0.5022394 0.00102515149
3 0.5001432393 0.002178118849
4 0.5005216872 0.001585977211
5 0.5015831191 0.001623524486
6 0.5018918202 0.001361072209
7 0.5020775696 0.001165216571
8 0.5018957251 0.001025360744
9 0.5013666308 0.001047696909
10 0.5014376097 0.0009397728693
11 0.5012043409 0.0008814819563
12 0.5010018057 0.0008297766135
13 0.5011975628 0.0007879863731
14 0.5011781827 0.0007297909946
15 0.5009695571 0.0007107087109
16 0.5006286336 0.0007471260732
17 0.5007485097 0.0007119672616
18 0.5006265755 0.0006822341286
19 0.5007284164 0.0006533153362
20 0.5008408559 0.0006299059342
21 0.500899324 0.0006020060525
22 0.5008562603 0.0005756034122
23 0.5005416682 0.0006336221959
24 0.5006321871 0.0006133631306
25 0.5008108135 0.0006148370257
26 0.5007577848 0.0005930917284
27 0.5010298384 0.0006322300238
28 0.5012106768 0.0006355047465
29 0.5012158964 0.0006132215585
30 0.5011492668 0.0005961634016
31 0.5011556343 0.0005766468736
32 0.5010442456 0.0005693386118
33 0.5008952189 0.0005715856471
34 0.5008110985 0.0005608637614
35 0.5006977013 0.0005562838866
36 0.5007529469 0.0005434262428
37 0.5008435891 0.0005362511222
38 0.500837548 0.0005219834734
39 0.5009270672 0.0005162439193
40 0.500890247 0.0005045177164
41 0.5009213023 0.0004930375872
42 0.5009487554 0.000481937976
43 0.5009054552 0.0004725845271
44 0.5007794016 0.0004786167635
45 0.5009064269 0.0004847972512
46 0.5008698394 0.0004755506259
47 0.5007669046 0.0004765717482
48 0.5006102909 0.0004921230888
49 0.5005801544 0.0004829163863
50 0.5005995327 0.0004735561477
51 0.5005193157 0.0004710582269
52 0.5005295415 0.000462023769
53 0.5005239711 0.0004532567408
54 0.5004274796 0.0004551300019
55 0.5004557748 0.0004476733734
56 0.5004683644 0.0004397867619
57 0.5004614429 0.0004320577544
58 0.5004542901 0.0004246033857
59 0.5004777977 0.0004180062042
60 0.5004538411 0.0004116780322
61 0.500389707 0.000409921083
62 0.5003534268 0.0004048840074
63 0.5003029731 0.0004015874402
64 0.5002733989 0.0003963676839
65 0.5002158746 0.0003944392348
66 0.500220816 0.0003884483392
67 0.5001933746 0.0003835894995
68 0.5002470455 0.000381698565
69 0.5002180904 0.0003772388906
70 0.5002813774 0.0003771583837
71 0.5002923273 0.0003719695519
72 0.5003057332 0.0003670118456
73 0.5003204223 0.0003622473139
74 0.5003349895 0.0003576153661
75 0.5003344085 0.0003528154205
76 0.5003235953 0.0003483100497
77 0.5003077199 0.0003441231651
78 0.5002905564 0.0003401160247
79 0.500245765 0.000338757434
80 0.5002564489 0.0003346667457
81 0.5002678614 0.0003307062126
82 0.500230042 0.000328830393
83 0.5001982539 0.0003263960588
84 0.500160666 0.0003246701397
85 0.500108836 0.0003249873773
86 0.5000706235 0.0003234513727
87 0.5001023841 0.0003212856221
88 0.500100932 0.0003176169849
89 0.5001001527 0.0003140289443
90 0.5000588804 0.0003132509423
91 0.5001293169 0.0003176961453
92 0.5001263608 0.0003142378573
93 0.5000979176 0.0003121392151
94 0.5001066282 0.0003089235623
95 0.5001270456 0.0003063356116
96 0.5001835703 0.0003083528979
97 0.5001438615 0.000307730169
98 0.500144251 0.0003045741278
99 0.5001192686 0.0003025152407
100 0.5001143705 0.0002995148628
