1 94.05
2 83.79
3 105
4 93.21
5 74.75
6 82.08
7 97.71
8 89.01
9 108.46
10 76.58
11 107.27
12 112.77
13 104.69
14 108.92
15 85.18
16 78.44
17 96.92
18 111.26
19 113.27
20 110.1
21 87.25
22 88.43
23 118.21
24 87.09
25 95.67
26 97.08
27 100.14
28 92.03
29 119.26
30 106.22
31 92.73
32 99.16
33 103.73
34 97.93
35 96.71
36 119.08
37 97.84
38 98.52
39 81.18
40 82.48
41 84.75
42 109.68
43 133.1
44 103.6
45 87.64
46 105.74
47 114.28
48 93.19
49 103.63
50 86.31
51 78.97
52 77.26
53 99.64
54 108.12
55 97.24
56 102.82
57 115.44
58 96.79
59 109.6
60 85.82
61 74.01
62 103.87
63 106.45
64 112.98
65 87.17
66 100.14
67 97.84
68 109.47
69 86.77
70 111.74
71 98.56
72 102.76
73 95.24
74 81.7
75 100.9
76 120.55
77 93.81
78 86.39
79 128.06
80 63.91
81 99.5
82 79.73
83 83.43
84 91.91
85 83.36
86 96.76
87 103.99
88 92.36
89 120.84
90 77.73
91 86.89
92 98.16
93 89.53
94 108.99
95 90.07
96 81.28
97 116.17
98 87.7
99 98.58
