           1     2.97619     2.97619           0
           2      3.0581     3.01715   0.0409567
           3     3.07929     3.03786   0.0314365
           4     3.28407     3.09941   0.0654434
           5     3.14465     3.10846   0.0514934
           6     3.11526      3.1096   0.0420595
           7     3.02343     3.09729   0.0376177
           8     3.30852     3.12369   0.0419344
           9       3.276     3.14061   0.0406709
          10     3.30033     3.15659   0.0397289
          11     3.01659     3.14386   0.0381232
          12       3.003     3.13212   0.0367278
          13     3.12989     3.13195   0.0337851
          14     3.28407     3.14282   0.0331125
          15     2.98954      3.1326   0.0324756
          16     3.19744     3.13665   0.0306473
          17     3.08642      3.1337   0.0289394
          18     3.29218      3.1425   0.0286698
          19     2.98954     3.13445   0.0282887
          20     3.51803     3.15363   0.0329858
          21     3.30852       3.161    0.032231
          22       3.108     3.15859   0.0308253
          23     3.20513     3.16062    0.029524
          24     2.91121     3.15023   0.0301169
          25     3.15956      3.1506   0.0288895
          26     2.96956     3.14364   0.0286162
          27     3.12989     3.14313   0.0275406
          28       3.003     3.13812   0.0270065
          29     3.05111     3.13512   0.0262308
          30     3.30852      3.1409   0.0259922
          31     3.39271     3.14902   0.0264194
          32     3.25998     3.15249   0.0258144
          33     3.18979     3.15362   0.0250455
          34       3.108     3.15228   0.0243347
          35     3.24412      3.1549   0.0237744
          36     3.04414     3.15183   0.0233085
          37     3.25203     3.15454    0.022831
          38     2.99625     3.15037   0.0226091
          39     3.20513     3.15177   0.0220665
          40     3.19744     3.15292    0.021538
          41      3.0303     3.14993   0.0212179
          42     3.09358     3.14858     0.02075
          43     3.03721     3.14599   0.0204266
          44     3.10078     3.14497   0.0199834
          45     2.96296     3.14092   0.0199486
          46     3.23625     3.14299   0.0196198
          47     3.18979     3.14399   0.0192237
          48     3.30033     3.14725   0.0190987
          49       3.276     3.14987   0.0188885
          50      3.0581     3.14804   0.0185977
          51     3.19744     3.14901   0.0182551
          52     3.06513      3.1474   0.0179731
          53     3.15956     3.14762   0.0176322
          54     3.02343     3.14532   0.0174548
          55     3.24412     3.14712   0.0172284
          56     2.96296     3.14383   0.0172346
          57     2.95639     3.14054    0.017246
          58     2.97619     3.13771   0.0171813
          59     3.47222     3.14338   0.0178139
          60     3.07929     3.14231   0.0175471
          61     3.28407     3.14464   0.0174128
          62      3.0581     3.14324   0.0171864
          63     3.12989     3.14303   0.0169127
          64     3.30033     3.14549   0.0168268
          65     3.35852     3.14876    0.016887
          66     3.19744      3.1495   0.0166455
          67     3.22061     3.15056   0.0164295
          68       3.003     3.14839   0.0163309
          69     3.15209     3.14845   0.0160926
          70     3.07929     3.14746   0.0158918
          71     3.18218     3.14795    0.015674
          72     3.09358     3.14719   0.0154732
          73      3.0722     3.14616   0.0152943
          74     2.97619     3.14387   0.0152601
          75     3.12989     3.14368   0.0150564
          76      3.0722     3.14274   0.0148867
          77       3.276     3.14447   0.0147937
          78     3.18979     3.14505   0.0146143
          79     3.24412     3.14631   0.0144825
          80     3.25203     3.14763   0.0143613
          81     3.22061     3.14853   0.0142115
          82     3.31675     3.15058   0.0141862
          83     3.31675     3.15258   0.0141565
          84     3.04414     3.15129   0.0140465
          85      3.4188     3.15444   0.0142325
          86     3.39271     3.15721   0.0143363
          87     2.98285     3.15521   0.0143116
          88     2.94985     3.15287   0.0143392
          89       3.276     3.15426   0.0142445
          90       3.276     3.15561   0.0141502
          91     3.38409     3.15812   0.0142173
          92     3.11526     3.15765   0.0140696
          93      3.0581     3.15658   0.0139586
          94     3.37553     3.15891   0.0140044
          95      2.8551     3.15571   0.0142204
          96     3.01659     3.15426   0.0141459
          97     2.96296     3.15229   0.0141376
          98     3.21285     3.15291   0.0140062
          99     3.18979     3.15328    0.013869
         100     2.92398     3.15099   0.0139198
