1 0.08326379356 0
2 0.08380181192 0.0005380183599
3 0.08349828999 0.0004342965362
4 0.08347162455 0.0003082495527
5 0.08347895093 0.0002388814518
6 0.08375097663 0.0003347250742
7 0.0837619626 0.0002831075559
8 0.08369323921 0.0002546278061
9 0.08362206452 0.0002355701744
10 0.08354058566 0.0002259058447
11 0.08344964988 0.0002236603643
12 0.08342673898 0.000205454475
13 0.08348136422 0.0001967266496
14 0.08337526628 0.0002107827752
15 0.08352567881 0.0002472435814
16 0.0835141315 0.0002315632857
17 0.08347797657 0.0002205001488
18 0.08346148706 0.0002085424718
19 0.08343062096 0.0001996616832
20 0.08350405084 0.0002031508207
21 0.08353271795 0.0001953498372
22 0.08351719881 0.0001869041731
23 0.08355505372 0.0001825609391
24 0.08357723346 0.0001761904167
25 0.08356657271 0.0001693318325
26 0.08352955796 0.0001668464128
27 0.0835317653 0.0001605632089
28 0.0835402837 0.0001549568969
29 0.08355419118 0.0001501635199
30 0.08361781733 0.0001584111632
31 0.08357754996 0.0001584190127
32 0.08353687911 0.0001586888931
33 0.08352823238 0.0001540478467
34 0.08352913391 0.0001494510823
35 0.08352238436 0.0001452751213
36 0.08354520265 0.0001430141344
37 0.08349895463 0.0001465822347
38 0.08347764903 0.0001442547047
39 0.08345800304 0.000141874011
40 0.08344640203 0.0001387674553
41 0.08342633173 0.0001368206366
42 0.08343475042 0.0001337884069
43 0.08343890924 0.0001307061828
44 0.08343479116 0.0001277674236
45 0.08342243425 0.0001255056722
46 0.08340919012 0.0001234594071
47 0.08338474406 0.0001232527068
48 0.08339049516 0.0001207946067
49 0.08339328355 0.000118336585
50 0.08340334506 0.0001163814392
51 0.08339358875 0.0001144930685
52 0.08339792231 0.000112353296
53 0.08338388569 0.0001111032862
54 0.08336697748 0.0001103297088
55 0.08339065981 0.0001108641307
56 0.0834022414 0.0001094807277
57 0.08338593097 0.000108772687
58 0.08340365086 0.0001083397866
59 0.08339933346 0.0001065751736
60 0.08339376292 0.0001049318334
61 0.0834034814 0.0001036539059
62 0.08339566706 0.0001022673516
63 0.08338840797 0.0001008924487
64 0.08340563991 0.0001007875168
65 0.08341624203 9.978963223e-05
66 0.08340158482 9.935314703e-05
67 0.08339884709 9.789731766e-05
68 0.08339895868 9.64469714e-05
69 0.0833994369 9.504011399e-05
70 0.08339648418 9.371908496e-05
71 0.0833865281 9.292456316e-05
72 0.08339051032 9.171135239e-05
73 0.08337513492 9.174386914e-05
74 0.08337475156 9.04964071e-05
75 0.08338372507 8.973145666e-05
76 0.08340024787 9.007135728e-05
77 0.08340413828 8.897899402e-05
78 0.08339284098 8.855441135e-05
79 0.08338948007 8.749086099e-05
80 0.08338896271 8.639185232e-05
81 0.08337467322 8.650697376e-05
82 0.08336922879 8.561877741e-05
83 0.08337215952 8.46316955e-05
84 0.08336631611 8.382203212e-05
85 0.08337136874 8.29839826e-05
86 0.08338334784 8.288361004e-05
87 0.08337554546 8.229608751e-05
88 0.08339240215 8.308351416e-05
89 0.08340674662 8.338772952e-05
90 0.08341059271 8.254564402e-05
91 0.08340466717 8.184828621e-05
92 0.08341797947 8.20410015e-05
93 0.08340136635 8.283703835e-05
94 0.08340010314 8.196079037e-05
95 0.08339439345 8.129421365e-05
96 0.08339624616 8.046427414e-05
97 0.08340680361 8.032723313e-05
98 0.08341160701 7.964831501e-05
99 0.08340909008 7.887984735e-05
100 0.08340560025 7.816500905e-05
