           1     15.9125     15.9125           0
           2     12.8996      14.406     1.50645
           3     17.4852     15.4324     1.34535
           4     15.2005     15.3744    0.953074
           5     12.2114     14.7418    0.972221
           6     14.2447      14.659    0.798127
           7     16.1081      14.866    0.705594
           8     16.9838     15.1307     0.66594
           9     19.1565      15.578    0.738248
          10     16.0744     15.6277    0.662172
          11     14.4863     15.5239    0.607877
          12     17.3343     15.6748    0.575056
          13     15.4365     15.6565    0.529292
          14     15.8273     15.6687    0.490181
          15     13.5906     15.5301    0.476899
          16      18.409     15.7101    0.481018
          17     11.6706     15.4724    0.510508
          18     13.2286     15.3478    0.497193
          19     12.4439     15.1949    0.494508
          20     13.0307     15.0867     0.48145
          21     14.0364     15.0367    0.460674
          22     12.0758     14.9021    0.459393
          23     16.6689     14.9789    0.445635
          24     14.5684     14.9618    0.427006
          25     13.9112     14.9198     0.41172
          26     14.2023     14.8922    0.396529
          27     13.6856     14.8475    0.384169
          28     15.4741     14.8699     0.37087
          29     14.3187     14.8509    0.358357
          30     10.9606     14.7212    0.369695
          31     16.0156      14.763        0.36
          32     16.7567     14.8253    0.354093
          33     12.7666     14.7629    0.348819
          34     11.7908     14.6755    0.349512
          35     16.1994      14.719    0.342161
          36     12.3506     14.6532    0.338966
          37     14.3139     14.6441    0.329805
          38     13.1556     14.6049     0.32339
          39     11.9462     14.5367    0.322281
          40     16.1364     14.5767    0.316657
          41     15.5111     14.5995    0.309676
          42     16.5055     14.6449    0.305601
          43     13.0219     14.6071    0.300787
          44     14.0929     14.5954    0.294104
          45     15.6664     14.6192    0.288478
          46     14.2247     14.6107    0.282267
          47     14.5123     14.6086    0.276204
          48     12.1663     14.5577    0.275134
          49     15.8063     14.5832    0.270663
          50     17.0032     14.6316    0.269575
          51     16.1208     14.6608    0.265845
          52     14.1304     14.6506    0.260882
          53     17.0868     14.6965    0.260008
          54     17.9591      14.757    0.262203
          55     16.2126     14.7834    0.258749
          56     16.8613     14.8205    0.256781
          57     11.3727       14.76    0.259388
          58     10.9138     14.6937    0.263362
          59     17.9741     14.7493    0.264763
          60     12.5005     14.7118    0.262998
          61     13.7343     14.6958    0.259146
          62     15.3579     14.7065    0.255156
          63     12.9599     14.6788    0.252599
          64      12.676     14.6475    0.250583
          65     18.6025     14.7083     0.25409
          66     12.5382     14.6755    0.252362
          67      16.639     14.7048    0.250289
          68     16.3598     14.7291    0.247779
          69     15.4752     14.7399    0.244401
          70     14.2707     14.7332    0.240977
          71     17.8477     14.7771    0.241575
          72     14.5326     14.7737     0.23822
          73     16.5232     14.7976    0.236154
          74     14.6129     14.7951    0.232954
          75     14.2569      14.788    0.229939
          76     12.9956     14.7644    0.228116
          77     13.6932     14.7505    0.225563
          78     11.5355     14.7093    0.226435
          79     16.2248     14.7284    0.224372
          80     14.7661     14.7289     0.22155
          81     17.2122     14.7596    0.220935
          82     14.2361     14.7532    0.218318
          83     12.5906     14.7271     0.21724
          84      13.137     14.7082    0.215471
          85     20.9482     14.7816    0.225221
          86     12.6067     14.7563    0.224019
          87      15.978     14.7704    0.221874
          88     13.8525     14.7599    0.219586
          89     11.4503     14.7227    0.220266
          90     13.0698     14.7044    0.218578
          91     12.6383     14.6817    0.217352
          92     13.3399     14.6671    0.215471
          93     14.5689      14.666    0.213144
          94     15.0742     14.6704    0.210909
          95     16.8604     14.6934    0.209946
          96     16.9883     14.7173    0.209119
          97      15.548     14.7259    0.207129
          98     14.4341     14.7229    0.205026
          99      16.667     14.7426    0.203892
         100     17.1787     14.7669    0.203308
