           1     14.7442     14.7442           0
           2      15.931     15.3376     0.59341
           3     14.4491     15.0414    0.452864
           4      12.515     14.4098    0.708146
           5      14.093     14.3464    0.552175
           6     14.3045     14.3394    0.450903
           7     17.5213      14.794    0.593159
           8     18.0117     15.1962    0.652425
           9     10.0788     14.6276    0.808936
          10     16.5639     14.8212    0.748996
          11     17.3157      15.048    0.714439
          12     17.1272     15.2213    0.674814
          13     15.7205     15.2597    0.621925
          14     15.3802     15.2683    0.575855
          15     20.4904     15.6164    0.639217
          16     10.9734     15.3262     0.66463
          17     14.6087      15.284    0.625737
          18     15.8241      15.314    0.590713
          19     11.4583     15.1111    0.594468
          20      13.818     15.0464    0.567656
          21     14.7357     15.0317    0.540151
          22     14.7615     15.0194     0.51516
          23     17.2418      15.116    0.501647
          24     15.4953     15.1318     0.48055
          25     17.5279     15.2276    0.470786
          26     13.5874     15.1646    0.456695
          27     13.1868     15.0913    0.445518
          28     17.4489     15.1755    0.437491
          29     17.9854     15.2724    0.433113
          30     14.6087     15.2503    0.419011
          31     18.5453     15.3566    0.418977
          32     13.7217     15.3055    0.408877
          33     13.2496     15.2432     0.40116
          34     16.6494     15.2845    0.391374
          35      12.437     15.2032    0.388638
          36     13.0149     15.1424    0.382549
          37     17.3812     15.2029    0.376954
          38     13.9893      15.171    0.368287
          39      11.576     15.0788    0.370374
          40     12.1483     15.0055    0.368355
          41     13.9897     14.9807    0.360112
          42     15.0746      14.983     0.35144
          43     16.6345     15.0214    0.345312
          44     19.6036     15.1255    0.353081
          45     12.9951     15.0782    0.348377
          46     12.7691      15.028    0.344397
          47     18.4547     15.1009    0.344787
          48      16.091     15.1215    0.338157
          49     12.4138     15.0663    0.335763
          50     14.2914     15.0508    0.329344
          51      15.128     15.0523    0.322825
          52     16.6757     15.0835    0.318092
          53     13.7009     15.0574    0.313121
          54     15.2064     15.0602     0.30728
          55     15.3791      15.066    0.301697
          56     15.2665     15.0696    0.296282
          57     17.3866     15.1102    0.293863
          58     16.1649     15.1284    0.289324
          59     19.4116      15.201    0.293498
          60     16.7044      15.226    0.289651
          61       12.87     15.1874    0.287469
          62     14.5434      15.177    0.282985
          63     19.4741     15.2452    0.286689
          64      13.161     15.2127    0.284047
          65     13.4446     15.1855    0.280963
          66      13.991     15.1674    0.277265
          67     16.7421     15.1909    0.274105
          68     15.3188     15.1928     0.27005
          69     18.7855     15.2448    0.271154
          70     17.2642     15.2737    0.268804
          71     17.6985     15.3078    0.267183
          72     15.3895      15.309    0.263449
          73     13.9513     15.2904    0.260479
          74     12.9607     15.2589    0.258857
          75     14.1318     15.2439    0.255824
          76     15.7524     15.2505    0.252524
          77     17.8987     15.2849    0.251585
          78     14.7092     15.2776    0.248448
          79     15.9968     15.2867    0.245452
          80     14.9775     15.2828    0.242395
          81     19.4538     15.3343    0.244859
          82     15.2135     15.3328    0.241859
          83     13.3403     15.3088    0.240131
          84     12.8697     15.2798    0.239025
          85     15.2816     15.2798    0.236196
          86     16.2383     15.2909      0.2337
          87     13.6399      15.272    0.231776
          88     15.1646     15.2707     0.22913
          89     14.7515     15.2649    0.226616
          90     20.8481     15.3269    0.232513
          91     14.4865     15.3177    0.230129
          92     11.7458     15.2789    0.230901
          93     15.3287     15.2794    0.228405
          94     12.1895     15.2465    0.228341
          95     14.1241     15.2347    0.226233
          96     16.1541     15.2443    0.224069
          97     15.3014     15.2449    0.221748
          98     12.2113     15.2139    0.221646
          99     13.9842     15.2015    0.219747
         100     14.4082     15.1936    0.217683
