           1     5.51861     5.51861           0
           2     6.91339       6.216    0.697388
           3     4.38616     5.60605    0.730858
           4     3.83005     5.16205    0.681331
           5     5.41073     5.21179    0.530095
           6     6.81565      5.4791    0.508713
           7     4.61416     5.35554    0.447345
           8     4.14943     5.20477    0.415713
           9     5.80229     5.27116    0.372587
          10     5.83891     5.32794    0.338054
          11     5.08991      5.3063    0.306546
          12     6.55692     5.41052    0.298614
          13     5.54201     5.42063    0.274871
          14     4.30068     5.34064    0.266758
          15     4.38053     5.27663    0.256455
          16      7.3631     5.40703    0.273044
          17     4.17383     5.33449    0.266541
          18     5.74743     5.35743    0.252343
          19     5.59745     5.37007    0.239026
          20     4.94381     5.34875     0.22776
          21     5.88175     5.37413    0.218124
          22     6.14705     5.40927     0.21092
          23     6.70069     5.46542    0.209216
          24     5.59877     5.47097    0.200386
          25     4.20677      5.4204    0.198745
          26     6.18018     5.44963    0.193171
          27     4.83068      5.4267    0.187287
          28     7.33072      5.4947     0.19286
          29     4.04259     5.44463     0.19271
          30     5.98764     5.46273    0.187053
          31     5.37402     5.45987    0.180941
          32     4.83263     5.44027    0.176289
          33     5.32767     5.43686    0.170897
          34     5.34166     5.43406    0.165818
          35     5.26777      5.4293    0.161081
          36     5.91771     5.44287     0.15713
          37     5.46715     5.44353    0.152825
          38     4.69588     5.42385    0.150045
          39     7.22074     5.46993    0.153237
          40     5.77219     5.47748    0.149548
          41     5.62275     5.48103    0.145898
          42     4.20904     5.45074    0.145567
          43     5.98579     5.46318    0.142685
          44     3.50206     5.41861    0.146357
          45     6.67032     5.44643    0.145746
          46     6.41501     5.46748    0.144089
          47       3.265     5.42062    0.148574
          48     3.99015     5.39082    0.148468
          49     5.11801     5.38525    0.145513
          50     6.69444     5.41144    0.144957
          51     4.79009     5.39925    0.142608
          52      4.5323     5.38258    0.140829
          53     6.22135     5.39841     0.13905
          54     6.09371     5.41128    0.137057
          55     5.99926     5.42197    0.134966
          56     5.77554     5.42829    0.132684
          57     6.00509     5.43841    0.130728
          58     5.97947     5.44774    0.128792
          59     5.54792     5.44943    0.126602
          60     5.56084     5.45129    0.124488
          61     4.62526     5.43775    0.123177
          62     4.22106     5.41813    0.122752
          63     6.25434      5.4314    0.121515
          64      4.7943     5.42144    0.120015
          65     5.00527     5.41504    0.118328
          66     5.61068     5.41801    0.116559
          67     3.47206     5.38896    0.118423
          68     5.79384     5.39492     0.11682
          69     5.24369     5.39272    0.115135
          70     6.15495     5.40361       0.114
          71     4.97966     5.39764    0.112541
          72     4.52579     5.38553    0.111626
          73     6.20753     5.39679    0.110661
          74     6.26766     5.40856    0.109787
          75     5.88889     5.41497    0.108503
          76     4.59434     5.40417    0.107609
          77     5.67747     5.40772    0.106261
          78     7.13499     5.42986    0.107202
          79     6.23654     5.44007    0.106328
          80     5.67918     5.44306    0.105033
          81     4.57965      5.4324    0.104275
          82     4.57846     5.42199     0.10352
          83     6.37941     5.43352    0.102914
          84     5.02478     5.42866    0.101798
          85     5.94624     5.43475    0.100777
          86     4.64919     5.42561    0.100016
          87     5.85413     5.43054   0.0989827
          88     4.87804     5.42426   0.0980526
          89     4.54549     5.41439   0.0974462
          90     4.12163     5.40002   0.0974221
          91     5.72064     5.40355     0.09641
          92     5.46979     5.40427    0.095359
          93      6.2011     5.41283   0.0947164
          94     4.92772     5.40767   0.0938454
          95     6.11922     5.41516   0.0931539
          96     5.09557     5.41183   0.0922385
          97      4.6433     5.40391   0.0916258
          98       6.979     5.41998   0.0920993
          99     8.35366     5.44962   0.0958595
         100     4.94864     5.44461   0.0950282
