           1     5.61667     5.61667           0
           2     5.01279     5.31473    0.301941
           3     3.88232     4.83726    0.508296
           4      4.3162       4.707    0.382298
           5     5.10654     4.78691    0.306719
           6     5.17381     4.85139    0.258604
           7     3.79171     4.70001    0.265867
           8     4.43693     4.66712    0.232584
           9     4.40275     4.63775    0.207213
          10     4.75004     4.64898    0.185677
          11     6.04706     4.77607    0.210622
          12     5.47572     4.83438    0.200916
          13     5.99833     4.92391    0.205362
          14     5.11169     4.93733      0.1906
          15     5.23919     4.95745    0.178577
          16      5.1416     4.96896    0.167439
          17     6.08128     5.03439    0.170349
          18     5.45891     5.05797    0.162329
          19     5.89995     5.10229    0.159815
          20     5.99796     5.14707    0.158089
          21     5.41279     5.15973    0.150904
          22     7.20852     5.25285     0.17139
          23     4.75227     5.23109    0.165209
          24     5.68689     5.25008    0.159311
          25     6.66487     5.30667    0.162949
          26     5.59226     5.31766    0.156941
          27     6.14606     5.34834    0.154102
          28     5.88943     5.36766    0.149748
          29     5.69625     5.37899    0.144936
          30     4.13604     5.33756    0.146023
          31     4.82557     5.32104    0.142196
          32     4.42948     5.29318    0.140472
          33     5.93809     5.31273    0.137544
          34     5.80106     5.32709    0.134208
          35     5.92201     5.34409    0.131421
          36     6.41089     5.37372    0.131111
          37     5.85861     5.38683     0.12819
          38     6.44106     5.41457    0.127818
          39     7.37018     5.46471    0.134216
          40     6.22883     5.48381    0.132205
          41     4.94804     5.47075    0.129601
          42     5.23141     5.46505    0.126606
          43      6.4064     5.48694     0.12555
          44     4.80995     5.47155    0.123624
          45     5.07416     5.46272    0.121168
          46     5.41643     5.46172    0.118509
          47     6.06972     5.47465    0.116679
          48     6.66727      5.4995    0.116894
          49     4.17143      5.4724    0.117648
          50     5.46227     5.47219    0.115271
          51     5.73927     5.47743     0.11311
          52     7.98708     5.52569    0.120959
          53     6.11294     5.53677    0.119171
          54     5.34084     5.53314    0.116999
          55     5.92647      5.5403    0.115075
          56     5.56544     5.54074    0.113002
          57      7.4865     5.57488    0.116132
          58     6.17744     5.58527    0.114584
          59     5.39697     5.58208    0.112671
          60     5.41638     5.57932    0.110811
          61     4.94181     5.56887     0.10948
          62     4.43985     5.55066    0.109228
          63     5.52475     5.55024    0.107481
          64     5.65953     5.55195    0.105802
          65     3.94793     5.52727    0.107045
          66     5.95394     5.53374    0.105609
          67     3.95918     5.51024    0.106642
          68     5.00398     5.50279    0.105326
          69     5.18774     5.49823    0.103888
          70     6.26854     5.50923    0.102983
          71     3.92558     5.48693    0.103944
          72     6.14547     5.49607    0.102897
          73     5.80731     5.50034    0.101567
          74     5.60074     5.50169    0.100194
          75     5.16841     5.49725   0.0989494
          76     6.47372      5.5101   0.0984805
          77     4.62439      5.4986   0.0978714
          78     5.72069     5.50144   0.0966504
          79     4.11887     5.48394   0.0970108
          80     4.64956     5.47351   0.0963566
          81     4.55085     5.46212   0.0958389
          82     5.74476     5.46557   0.0947257
          83     6.48179     5.47781    0.094375
          84     7.55428     5.50253   0.0964658
          85     3.03974     5.47356   0.0996303
          86      5.7686     5.47699   0.0985247
          87     4.44107     5.46508   0.0981109
          88     6.49373     5.47677   0.0976915
          89     4.66924      5.4677   0.0970128
          90      4.5938     5.45799    0.096419
          91     5.23748     5.45556   0.0953843
          92     4.69759     5.44733   0.0947009
          93      5.6223     5.44921    0.093696
          94     6.02282     5.45531   0.0928945
          95     5.17076     5.45231   0.0919603
          96     5.85351     5.45649   0.0910932
          97     4.67629     5.44845   0.0905073
          98     7.25916     5.46693   0.0914647
          99     4.89777     5.46118   0.0907184
         100      4.0848     5.44741   0.0908553
