          10         1.2
          20     1.20001
          30     1.20002
          40     1.20003
          50     1.20005
          60     1.20007
          70      1.2001
          80     1.20013
          90     1.20017
         100     1.20021
         110     1.20025
         120      1.2003
         130     1.20035
         140     1.20041
         150     1.20047
         160     1.20054
         170     1.20061
         180     1.20068
         190     1.20076
         200     1.20085
         210     1.20094
         220     1.20103
         230     1.20113
         240     1.20123
         250     1.20134
         260     1.20146
         270     1.20158
         280     1.20171
         290     1.20184
         300     1.20198
         310     1.20212
         320     1.20227
         330     1.20243
         340     1.20259
         350     1.20276
         360     1.20293
         370     1.20311
         380      1.2033
         390      1.2035
         400      1.2037
         410     1.20391
         420     1.20413
         430     1.20435
         440     1.20458
         450     1.20483
         460     1.20508
         470     1.20534
         480     1.20561
         490     1.20589
         500     1.20617
         510     1.20647
         520     1.20678
         530     1.20711
         540     1.20744
         550     1.20778
         560     1.20814
         570     1.20851
         580      1.2089
         590      1.2093
         600     1.20971
         610     1.21014
         620     1.21059
         630     1.21105
         640     1.21153
         650     1.21203
         660     1.21255
         670      1.2131
         680     1.21366
         690     1.21424
         700     1.21485
         710     1.21549
         720     1.21615
         730     1.21684
         740     1.21756
         750     1.21832
         760      1.2191
         770     1.21992
         780     1.22078
         790     1.22168
         800     1.22262
         810      1.2236
         820     1.22463
         830     1.22571
         840     1.22684
         850     1.22802
         860     1.22926
         870     1.23057
         880     1.23194
         890     1.23337
         900     1.23487
         910     1.23645
         920      1.2381
         930     1.23982
         940     1.24163
         950     1.24351
         960     1.24546
         970     1.24748
         980     1.24956
         990      1.2517
        1000     1.25386
        1010     1.25604
        1020     1.25819
        1030     1.26026
        1040     1.26221
        1050     1.26395
        1060     1.26538
        1070      1.2664
        1080     1.26687
        1090     1.26666
        1100     1.26568
        1110     1.26387
        1120     1.26129
        1130     1.25815
        1140     1.25485
        1150     1.25196
        1160     1.25007
        1170     1.24968
        1180     1.25102
        1190     1.25401
        1200     1.25828
        1210     1.26329
        1220     1.26842
        1230      1.2731
        1240      1.2769
        1250      1.2796
        1260     1.28125
        1270      1.2822
        1280     1.28305
        1290     1.28449
        1300     1.28708
        1310     1.29107
        1320     1.29624
        1330     1.30205
        1340     1.30779
        1350     1.31284
        1360     1.31677
        1370     1.31935
        1380     1.32058
        1390     1.32062
        1400     1.31974
        1410     1.31825
        1420     1.31648
        1430     1.31469
        1440     1.31304
        1450     1.31158
        1460     1.31029
        1470     1.30909
        1480     1.30793
        1490     1.30672
        1500     1.30541
        1510     1.30392
        1520     1.30233
        1530     1.30084
        1540     1.29985
        1550      1.2998
        1560     1.30108
        1570     1.30383
        1580     1.30795
        1590     1.31312
        1600      1.3189
        1610     1.32485
        1620     1.33052
        1630     1.33555
        1640     1.33968
        1650     1.34274
        1660     1.34466
        1670     1.34552
        1680     1.34546
        1690     1.34472
        1700     1.34358
        1710     1.34235
        1720     1.34133
        1730     1.34078
        1740     1.34088
        1750     1.34168
        1760     1.34315
        1770     1.34515
        1780     1.34749
        1790     1.34996
        1800     1.35236
        1810     1.35452
        1820     1.35634
        1830     1.35778
        1840     1.35885
        1850     1.35964
        1860     1.36022
        1870     1.36071
        1880     1.36115
        1890     1.36158
        1900     1.36201
        1910     1.36241
        1920     1.36278
        1930     1.36313
        1940     1.36347
        1950     1.36385
        1960      1.3643
        1970     1.36483
        1980     1.36543
        1990     1.36608
        2000     1.36674
        2010     1.36738
        2020     1.36799
        2030     1.36858
        2040     1.36918
        2050     1.36983
        2060     1.37058
        2070     1.37146
        2080      1.3725
        2090     1.37372
        2100      1.3751
        2110      1.3766
        2120     1.37819
        2130      1.3798
        2140     1.38137
        2150     1.38283
        2160      1.3841
        2170     1.38514
        2180     1.38588
        2190     1.38628
        2200     1.38631
        2210     1.38595
        2220     1.38523
        2230     1.38419
        2240     1.38293
        2250     1.38158
        2260     1.38026
        2270      1.3791
        2280     1.37815
        2290     1.37738
        2300     1.37668
        2310     1.37587
        2320     1.37475
        2330     1.37316
        2340     1.37102
        2350      1.3684
        2360      1.3655
        2370     1.36273
        2380     1.36063
        2390     1.35978
        2400     1.36063
        2410     1.36331
        2420     1.36759
        2430     1.37293
        2440     1.37861
        2450     1.38389
        2460     1.38815
        2470      1.3909
        2480     1.39176
        2490     1.39056
        2500     1.38735
        2510     1.38255
        2520     1.37712
        2530     1.37244
        2540     1.36991
        2550     1.37041
        2560     1.37381
        2570     1.37913
        2580     1.38505
        2590      1.3904
        2600     1.39429
        2610      1.3962
        2620     1.39581
        2630     1.39302
        2640     1.38788
        2650     1.38064
        2660     1.37187
        2670     1.36248
        2680     1.35369
        2690     1.34688
        2700     1.34324
        2710     1.34343
        2720     1.34733
        2730     1.35409
        2740     1.36248
        2750     1.37119
        2760     1.37921
        2770     1.38594
        2780     1.39113
        2790     1.39481
        2800     1.39721
        2810     1.39861
        2820     1.39933
        2830     1.39962
        2840     1.39971
        2850     1.39976
        2860     1.39984
        2870     1.39999
        2880     1.40022
        2890     1.40051
        2900     1.40083
        2910     1.40118
        2920     1.40155
        2930     1.40191
        2940     1.40229
        2950     1.40267
        2960     1.40307
        2970     1.40345
        2980     1.40381
        2990      1.4041
        3000     1.40427
        3010     1.40424
        3020     1.40388
        3030     1.40306
        3040     1.40161
        3050     1.39937
        3060     1.39618
        3070     1.39202
        3080     1.38699
        3090     1.38151
        3100     1.37626
        3110     1.37206
        3120      1.3696
        3130     1.36917
        3140     1.37046
        3150     1.37284
        3160     1.37556
        3170     1.37806
        3180     1.38002
        3190     1.38135
        3200     1.38212
        3210     1.38248
        3220     1.38261
        3230     1.38267
        3240     1.38279
        3250     1.38304
        3260     1.38342
        3270     1.38388
        3280     1.38436
        3290     1.38474
        3300     1.38495
        3310     1.38496
        3320     1.38477
        3330     1.38446
        3340     1.38414
        3350      1.3839
        3360     1.38385
        3370     1.38402
        3380     1.38438
        3390     1.38484
        3400      1.3853
        3410     1.38565
        3420     1.38581
        3430     1.38574
        3440     1.38544
        3450     1.38495
        3460     1.38434
        3470     1.38371
        3480     1.38312
        3490     1.38264
        3500     1.38231
        3510     1.38216
        3520     1.38215
        3530     1.38227
        3540     1.38248
        3550     1.38275
        3560     1.38305
        3570     1.38338
        3580     1.38374
        3590     1.38413
        3600     1.38457
        3610     1.38504
        3620     1.38555
        3630     1.38606
        3640     1.38653
        3650      1.3869
        3660     1.38707
        3670     1.38695
        3680     1.38642
        3690     1.38534
        3700     1.38357
        3710     1.38096
        3720     1.37741
        3730     1.37284
        3740     1.36734
        3750     1.36115
        3760     1.35477
        3770     1.34894
        3780     1.34455
        3790     1.34242
        3800     1.34306
        3810     1.34647
        3820     1.35215
        3830     1.35926
        3840     1.36689
        3850     1.37428
        3860     1.38088
        3870     1.38641
        3880     1.39072
        3890     1.39381
        3900     1.39571
        3910     1.39644
        3920     1.39605
        3930     1.39455
        3940       1.392
        3950     1.38852
        3960     1.38432
        3970     1.37976
        3980     1.37528
        3990     1.37132
        4000     1.36822
        4010     1.36609
        4020     1.36481
        4030     1.36417
        4040     1.36395
        4050       1.364
        4060      1.3643
        4070     1.36489
        4080      1.3658
        4090     1.36699
        4100      1.3684
        4110      1.3699
        4120     1.37138
        4130     1.37275
        4140     1.37397
        4150     1.37503
        4160     1.37597
        4170     1.37681
        4180     1.37759
        4190     1.37832
        4200     1.37902
        4210     1.37969
        4220     1.38033
        4230     1.38092
        4240     1.38146
        4250     1.38195
        4260     1.38238
        4270     1.38275
        4280     1.38306
        4290     1.38333
        4300     1.38356
        4310     1.38374
        4320      1.3839
        4330     1.38403
        4340     1.38414
        4350     1.38422
        4360     1.38428
        4370      1.3843
        4380     1.38428
        4390     1.38421
        4400     1.38408
        4410     1.38386
        4420     1.38355
        4430     1.38312
        4440     1.38256
        4450     1.38185
        4460     1.38098
        4470     1.37995
        4480     1.37878
        4490      1.3775
        4500     1.37616
        4510     1.37483
        4520      1.3736
        4530     1.37256
        4540     1.37177
        4550     1.37125
        4560     1.37101
        4570     1.37097
        4580     1.37105
        4590     1.37115
        4600     1.37117
        4610     1.37104
        4620     1.37071
        4630      1.3702
        4640     1.36954
        4650     1.36881
        4660     1.36811
        4670     1.36755
        4680     1.36723
        4690     1.36723
        4700     1.36759
        4710      1.3683
        4720     1.36933
        4730     1.37058
        4740     1.37194
        4750     1.37327
        4760     1.37446
        4770     1.37544
        4780     1.37614
        4790     1.37656
        4800     1.37672
        4810     1.37669
        4820     1.37653
        4830      1.3763
        4840     1.37601
        4850     1.37567
        4860     1.37523
        4870     1.37464
        4880     1.37383
        4890     1.37278
        4900     1.37149
        4910     1.37004
        4920     1.36852
        4930     1.36705
        4940     1.36577
        4950     1.36479
        4960     1.36417
        4970     1.36393
        4980     1.36402
        4990     1.36433
        5000     1.36474
        5010     1.36512
        5020     1.36539
        5030     1.36553
        5040     1.36561
        5050     1.36576
        5060     1.36614
        5070     1.36685
        5080     1.36791
        5090     1.36924
        5100     1.37072
        5110      1.3722
        5120     1.37354
        5130     1.37465
        5140     1.37545
        5150     1.37589
        5160     1.37595
        5170     1.37563
        5180     1.37498
        5190     1.37412
        5200     1.37316
        5210     1.37229
        5220     1.37162
        5230     1.37127
        5240     1.37128
        5250     1.37168
        5260     1.37248
        5270     1.37373
        5280     1.37548
        5290     1.37775
        5300      1.3805
        5310      1.3836
        5320     1.38684
        5330     1.39001
        5340     1.39291
        5350     1.39536
        5360     1.39726
        5370     1.39854
        5380     1.39917
        5390     1.39912
        5400     1.39842
        5410      1.3971
        5420     1.39525
        5430       1.393
        5440     1.39052
        5450     1.38799
        5460     1.38562
        5470     1.38356
        5480     1.38191
        5490     1.38074
        5500     1.38006
        5510     1.37985
        5520     1.38004
        5530     1.38051
        5540     1.38104
        5550      1.3814
        5560     1.38132
        5570     1.38061
        5580     1.37918
        5590     1.37708
        5600     1.37452
        5610     1.37182
        5620     1.36936
        5630     1.36748
        5640     1.36639
        5650     1.36611
        5660      1.3665
        5670     1.36728
        5680     1.36816
        5690      1.3689
        5700     1.36939
        5710     1.36964
        5720      1.3698
        5730     1.37007
        5740     1.37064
        5750      1.3716
        5760     1.37294
        5770     1.37453
        5780     1.37621
        5790     1.37791
        5800     1.37965
        5810      1.3815
        5820     1.38354
        5830      1.3858
        5840     1.38818
        5850     1.39052
        5860     1.39265
        5870     1.39439
        5880     1.39564
        5890     1.39634
        5900     1.39648
        5910     1.39607
        5920     1.39512
        5930     1.39368
        5940     1.39175
        5950     1.38938
        5960     1.38661
        5970     1.38351
        5980      1.3802
        5990     1.37688
        6000     1.37378
        6010     1.37119
        6020     1.36937
        6030     1.36851
        6040     1.36869
        6050     1.36982
        6060     1.37169
        6070     1.37404
        6080     1.37661
        6090     1.37918
        6100     1.38161
        6110      1.3838
        6120     1.38571
        6130     1.38734
        6140      1.3887
        6150     1.38981
        6160      1.3907
        6170     1.39138
        6180     1.39187
        6190     1.39218
        6200     1.39231
        6210     1.39228
        6220     1.39207
        6230     1.39173
        6240     1.39129
        6250     1.39081
        6260      1.3904
        6270     1.39016
        6280     1.39023
        6290     1.39069
        6300     1.39162
        6310     1.39301
        6320     1.39476
        6330     1.39673
        6340     1.39872
        6350     1.40049
        6360     1.40179
        6370     1.40238
        6380     1.40199
        6390     1.40037
        6400     1.39733
        6410     1.39278
        6420     1.38685
        6430     1.37994
        6440     1.37274
        6450     1.36611
        6460     1.36091
        6470     1.35798
        6480     1.35801
        6490     1.36132
        6500     1.36747
        6510     1.37523
        6520     1.38301
        6530     1.38946
        6540     1.39376
        6550     1.39556
        6560     1.39476
        6570     1.39142
        6580     1.38572
        6590     1.37817
        6600     1.36993
        6610     1.36292
        6620     1.35935
        6630      1.3606
        6640      1.3663
        6650     1.37457
        6660     1.38319
        6670     1.39058
        6680     1.39607
        6690     1.39964
        6700     1.40158
        6710     1.40224
        6720     1.40199
        6730      1.4011
        6740     1.39978
        6750     1.39822
        6760     1.39657
        6770     1.39499
        6780     1.39365
        6790     1.39274
        6800     1.39241
        6810     1.39274
        6820     1.39371
        6830     1.39519
        6840     1.39695
        6850     1.39878
        6860     1.40043
        6870     1.40175
        6880     1.40261
        6890     1.40293
        6900     1.40263
        6910     1.40162
        6920     1.39979
        6930     1.39704
        6940     1.39327
        6950      1.3885
        6960     1.38292
        6970     1.37699
        6980     1.37148
        6990     1.36728
        7000      1.3652
        7010     1.36557
        7020     1.36813
        7030     1.37218
        7040     1.37684
        7050     1.38137
        7060      1.3853
        7070     1.38841
        7080     1.39069
        7090     1.39224
        7100     1.39321
        7110     1.39377
        7120     1.39403
        7130     1.39411
        7140     1.39405
        7150     1.39386
        7160     1.39352
        7170     1.39299
        7180     1.39223
        7190     1.39124
        7200     1.39008
        7210     1.38886
        7220     1.38774
        7230     1.38689
        7240     1.38645
        7250     1.38647
        7260     1.38693
        7270     1.38775
        7280      1.3888
        7290     1.39001
        7300     1.39131
        7310      1.3926
        7320     1.39381
        7330      1.3948
        7340     1.39541
        7350     1.39551
        7360     1.39499
        7370     1.39384
        7380     1.39214
        7390     1.39008
        7400     1.38792
        7410     1.38597
        7420     1.38449
        7430     1.38364
        7440     1.38347
        7450     1.38394
        7460      1.3849
        7470     1.38623
        7480     1.38774
        7490     1.38926
        7500     1.39064
        7510     1.39176
        7520     1.39255
        7530     1.39301
        7540     1.39319
        7550     1.39318
        7560      1.3931
        7570     1.39305
        7580     1.39314
        7590     1.39345
        7600     1.39403
        7610     1.39488
        7620     1.39595
        7630     1.39712
        7640     1.39825
        7650      1.3992
        7660     1.39985
        7670      1.4001
        7680     1.39989
        7690     1.39923
        7700     1.39814
        7710      1.3967
        7720     1.39506
        7730     1.39336
        7740      1.3918
        7750     1.39055
        7760     1.38976
        7770     1.38947
        7780     1.38968
        7790     1.39034
        7800     1.39135
        7810     1.39262
        7820     1.39407
        7830     1.39563
        7840     1.39722
        7850     1.39876
        7860     1.40018
        7870      1.4014
        7880     1.40235
        7890     1.40297
        7900     1.40322
        7910     1.40306
        7920     1.40249
        7930     1.40149
        7940     1.40007
        7950     1.39826
        7960      1.3961
        7970     1.39364
        7980     1.39098
        7990      1.3882
        8000     1.38541
        8010     1.38274
        8020     1.38028
        8030     1.37814
        8040     1.37635
        8050     1.37495
        8060      1.3739
        8070     1.37315
        8080     1.37266
        8090     1.37242
        8100     1.37243
        8110     1.37279
        8120     1.37356
        8130     1.37479
        8140     1.37647
        8150     1.37848
        8160     1.38065
        8170     1.38279
        8180     1.38474
        8190     1.38638
        8200     1.38765
        8210     1.38854
        8220      1.3891
        8230     1.38938
        8240     1.38945
        8250     1.38939
        8260     1.38924
        8270     1.38908
        8280     1.38892
        8290     1.38881
        8300     1.38875
        8310     1.38874
        8320     1.38876
        8330      1.3888
        8340     1.38882
        8350     1.38878
        8360     1.38866
        8370     1.38842
        8380     1.38801
        8390     1.38741
        8400     1.38661
        8410     1.38559
        8420     1.38438
        8430     1.38302
        8440     1.38161
        8450     1.38027
        8460     1.37913
        8470     1.37835
        8480     1.37806
        8490     1.37831
        8500      1.3791
        8510     1.38032
        8520     1.38177
        8530     1.38321
        8540     1.38433
        8550      1.3848
        8560     1.38428
        8570     1.38246
        8580     1.37906
        8590     1.37396
        8600     1.36729
        8610     1.35957
        8620     1.35183
        8630     1.34549
        8640     1.34203
        8650     1.34238
        8660      1.3464
        8670     1.35279
        8680     1.35965
        8690     1.36521
        8700      1.3683
        8710     1.36851
        8720     1.36617
        8730     1.36221
        8740     1.35798
        8750     1.35491
        8760     1.35401
        8770     1.35551
        8780     1.35886
        8790     1.36308
        8800     1.36725
        8810     1.37075
        8820     1.37341
        8830     1.37539
        8840     1.37705
        8850     1.37876
        8860     1.38078
        8870     1.38317
        8880     1.38583
        8890      1.3886
        8900     1.39132
        8910     1.39386
        8920     1.39614
        8930     1.39813
        8940     1.39985
        8950     1.40129
        8960     1.40246
        8970     1.40334
        8980     1.40392
        8990     1.40415
        9000     1.40398
        9010     1.40331
        9020     1.40206
        9030     1.40013
        9040     1.39747
        9050     1.39406
        9060     1.39001
        9070     1.38558
        9080     1.38111
        9090     1.37693
        9100     1.37322
        9110     1.36983
        9120     1.36629
        9130     1.36205
        9140     1.35684
        9150     1.35106
        9160     1.34599
        9170     1.34341
        9180     1.34472
        9190     1.35002
        9200     1.35806
        9210     1.36701
        9220     1.37536
        9230     1.38225
        9240     1.38742
        9250     1.39098
        9260     1.39316
        9270     1.39429
        9280     1.39463
        9290     1.39446
        9300       1.394
        9310     1.39349
        9320     1.39314
        9330     1.39311
        9340     1.39352
        9350     1.39439
        9360     1.39565
        9370     1.39716
        9380     1.39873
        9390      1.4002
        9400     1.40142
        9410      1.4023
        9420     1.40279
        9430     1.40284
        9440     1.40244
        9450     1.40159
        9460     1.40024
        9470     1.39837
        9480     1.39592
        9490     1.39282
        9500     1.38904
        9510     1.38455
        9520     1.37943
        9530     1.37384
        9540     1.36808
        9550     1.36255
        9560     1.35766
        9570      1.3538
        9580     1.35114
        9590     1.34971
        9600     1.34935
        9610     1.34985
        9620     1.35092
        9630     1.35231
        9640     1.35375
        9650     1.35506
        9660     1.35609
        9670     1.35682
        9680      1.3573
        9690     1.35766
        9700     1.35808
        9710      1.3587
        9720     1.35964
        9730     1.36092
        9740     1.36253
        9750     1.36435
        9760     1.36627
        9770     1.36816
        9780     1.36992
        9790     1.37146
        9800     1.37276
        9810     1.37379
        9820     1.37456
        9830     1.37509
        9840     1.37541
        9850     1.37555
        9860     1.37556
        9870     1.37544
        9880     1.37524
        9890     1.37496
        9900     1.37463
        9910     1.37423
        9920     1.37378
        9930     1.37326
        9940     1.37265
        9950     1.37192
        9960     1.37103
        9970     1.36995
        9980     1.36861
        9990     1.36698
       10000     1.36502
