          10     1.19792
          20     1.19546
          30     1.19281
          40     1.19009
          50     1.18745
          60     1.18509
          70     1.18319
          80      1.1819
          90     1.18131
         100     1.18139
         110     1.18206
         120     1.18319
         130      1.1846
         140     1.18615
         150     1.18769
         160     1.18915
         170     1.19046
         180     1.19159
         190     1.19252
         200     1.19325
         210     1.19376
         220     1.19406
         230     1.19415
         240      1.1941
         250     1.19395
         260     1.19383
         270     1.19381
         280     1.19398
         290     1.19436
         300      1.1949
         310     1.19554
         320     1.19619
         330     1.19678
         340     1.19729
         350     1.19771
         360     1.19809
         370     1.19846
         380     1.19887
         390     1.19938
         400     1.20007
         410     1.20101
         420     1.20228
         430     1.20389
         440     1.20573
         450     1.20764
         460      1.2094
         470     1.21076
         480     1.21156
         490     1.21166
         500     1.21102
         510     1.20964
         520     1.20755
         530     1.20485
         540     1.20162
         550       1.198
         560     1.19417
         570     1.19042
         580     1.18713
         590     1.18474
         600     1.18373
         610     1.18438
         620     1.18676
         630     1.19061
         640     1.19547
         650     1.20084
         660     1.20626
         670     1.21141
         680     1.21609
         690     1.22022
         700     1.22374
         710     1.22664
         720     1.22894
         730     1.23063
         740     1.23173
         750     1.23222
         760     1.23212
         770     1.23142
         780     1.23015
         790     1.22836
         800     1.22615
         810     1.22369
         820     1.22121
         830     1.21895
         840     1.21717
         850     1.21602
         860     1.21556
         870     1.21568
         880     1.21618
         890     1.21683
         900     1.21742
         910     1.21788
         920     1.21828
         930     1.21884
         940     1.21983
         950     1.22148
         960     1.22384
         970     1.22676
         980     1.22996
         990     1.23309
        1000      1.2359
          10     1.20209
          20     1.20378
          30     1.20501
          40     1.20587
          50     1.20648
          60     1.20698
          70     1.20745
          80     1.20798
          90     1.20861
         100     1.20934
         110     1.21016
         120     1.21102
         130     1.21184
         140     1.21256
         150      1.2131
         160     1.21335
         170     1.21325
         180     1.21271
         190     1.21165
         200     1.21001
         210     1.20774
         220     1.20486
         230     1.20144
         240     1.19763
         250     1.19371
         260     1.19005
         270     1.18712
         280     1.18536
         290      1.1851
         300     1.18645
         310     1.18925
         320     1.19311
         330     1.19756
         340     1.20213
         350      1.2065
         360     1.21051
         370     1.21413
         380     1.21739
         390     1.22037
         400     1.22314
         410     1.22574
         420     1.22817
         430     1.23038
         440     1.23234
         450     1.23398
         460     1.23527
         470     1.23615
         480      1.2366
         490     1.23658
         500     1.23609
         510     1.23511
         520     1.23366
         530     1.23177
         540     1.22952
         550     1.22702
         560     1.22443
         570     1.22193
         580     1.21972
         590     1.21794
         600     1.21667
         610     1.21586
         620     1.21536
         630     1.21493
         640     1.21435
         650     1.21348
         660     1.21236
         670     1.21128
         680     1.21069
         690     1.21106
         700     1.21267
         710     1.21546
         720     1.21907
         730     1.22296
         740     1.22667
         750     1.22986
         760     1.23239
         770     1.23421
         780     1.23536
         790      1.2359
         800     1.23586
         810     1.23524
         820     1.23406
         830     1.23229
         840     1.22998
         850      1.2272
         860     1.22411
         870     1.22094
         880     1.21795
         890     1.21535
         900     1.21323
         910     1.21153
         920     1.21007
         930     1.20863
         940     1.20704
         950     1.20528
         960     1.20343
         970     1.20166
         980      1.2002
         990     1.19921
        1000     1.19882
          10     1.20038
          20     1.20151
          30     1.20344
          40     1.20619
          50     1.20967
          60      1.2137
          70     1.21801
          80     1.22227
          90      1.2262
         100     1.22959
         110     1.23231
         120     1.23431
         130     1.23562
         140     1.23628
         150     1.23637
         160     1.23598
         170     1.23516
         180     1.23401
         190     1.23258
         200     1.23093
         210     1.22911
         220     1.22717
         230     1.22513
         240     1.22302
         250     1.22084
         260     1.21861
         270     1.21635
         280     1.21412
         290     1.21201
         300     1.21021
         310     1.20888
         320      1.2082
         330     1.20825
         340     1.20902
         350     1.21035
         360       1.212
         370     1.21368
         380     1.21515
         390     1.21616
         400     1.21658
         410     1.21631
         420     1.21534
         430     1.21376
         440     1.21175
         450     1.20962
         460     1.20776
         470     1.20656
         480     1.20635
         490     1.20724
         500     1.20912
         510     1.21168
         520     1.21454
         530     1.21735
         540     1.21984
         550     1.22183
         560     1.22325
         570     1.22406
         580     1.22429
         590     1.22393
         600     1.22304
         610     1.22163
         620     1.21976
         630      1.2175
         640     1.21496
         650     1.21235
         660     1.20994
         670     1.20808
         680     1.20716
         690     1.20751
         700      1.2093
         710     1.21245
         720     1.21664
         730     1.22135
         740     1.22598
         750     1.22994
         760     1.23269
         770      1.2338
         780     1.23294
         790     1.22998
         800     1.22503
         810     1.21852
         820     1.21121
         830     1.20404
         840     1.19777
         850     1.19272
         860     1.18879
         870     1.18566
         880     1.18315
         890     1.18132
         900     1.18042
         910     1.18063
         920     1.18196
         930     1.18419
         940     1.18701
         950     1.19013
         960     1.19339
         970     1.19674
         980     1.20013
         990     1.20348
        1000     1.20664
          10     1.20263
          20     1.20497
          30     1.20684
          40     1.20825
          50     1.20926
          60     1.20995
          70     1.21038
          80      1.2106
          90     1.21064
         100     1.21052
         110     1.21025
         120     1.20985
         130      1.2093
         140     1.20861
         150      1.2078
         160     1.20685
         170     1.20578
         180     1.20457
         190     1.20323
         200     1.20175
         210     1.20011
         220     1.19832
         230     1.19635
         240      1.1942
         250      1.1919
         260     1.18946
         270     1.18695
         280     1.18448
         290     1.18217
         300     1.18018
         310     1.17866
         320     1.17774
         330     1.17747
         340     1.17784
         350     1.17874
         360     1.18003
         370     1.18151
         380     1.18303
         390     1.18443
         400      1.1856
         410     1.18646
         420     1.18696
         430     1.18708
         440     1.18684
         450     1.18629
         460      1.1855
         470     1.18458
         480     1.18364
         490     1.18283
         500     1.18225
         510     1.18199
         520     1.18208
         530     1.18251
         540     1.18321
         550     1.18411
         560     1.18514
         570     1.18623
         580     1.18731
         590     1.18833
         600     1.18926
         610     1.19006
         620     1.19069
         630     1.19113
         640     1.19138
         650     1.19143
         660      1.1913
         670     1.19104
         680      1.1907
         690     1.19034
         700     1.19004
         710     1.18987
         720     1.18984
         730     1.18999
         740     1.19025
         750     1.19056
         760     1.19077
         770     1.19072
         780     1.19022
         790     1.18911
         800     1.18727
         810      1.1847
         820     1.18156
         830     1.17817
         840     1.17497
         850     1.17243
         860     1.17091
         870     1.17053
         880     1.17121
         890     1.17273
         900     1.17485
         910     1.17734
         920     1.18005
         930     1.18285
         940     1.18562
         950     1.18826
         960     1.19069
         970     1.19287
         980     1.19478
         990     1.19644
        1000     1.19789
          10     1.20121
          20     1.20238
          30     1.20347
          40     1.20449
          50     1.20543
          60     1.20624
          70     1.20687
          80     1.20723
          90     1.20722
         100     1.20673
         110     1.20568
         120     1.20405
         130     1.20191
         140     1.19942
         150     1.19686
         160     1.19459
         170     1.19286
         180     1.19179
         190     1.19125
         200     1.19095
         210      1.1906
         220     1.19002
         230     1.18927
         240     1.18857
         250     1.18826
         260     1.18861
         270     1.18971
         280     1.19148
         290     1.19367
         300       1.196
         310     1.19827
         320     1.20032
         330     1.20211
         340     1.20363
         350      1.2049
         360     1.20596
         370     1.20682
         380     1.20747
         390     1.20791
         400     1.20813
         410     1.20817
         420     1.20809
         430     1.20805
         440     1.20825
         450     1.20894
         460     1.21033
         470     1.21253
         480     1.21552
         490     1.21911
         500     1.22304
         510     1.22701
         520     1.23076
         530     1.23409
         540     1.23686
         550     1.23897
         560     1.24034
         570     1.24089
         580     1.24051
         590     1.23905
         600     1.23638
         610     1.23233
         620     1.22681
         630     1.21984
         640     1.21166
         650     1.20288
         660     1.19445
         670     1.18752
         680      1.1831
         690     1.18146
         700     1.18187
         710     1.18286
         720     1.18302
         730     1.18181
         740     1.18021
         750     1.18034
         760      1.1842
         770     1.19206
         780     1.20221
         790     1.21228
         800     1.22053
         810     1.22632
         820     1.22984
         830     1.23161
         840     1.23229
         850     1.23246
         860     1.23258
         870     1.23297
         880     1.23383
         890     1.23519
         900     1.23697
         910     1.23898
         920     1.24099
         930     1.24276
         940     1.24409
         950     1.24488
         960      1.2451
         970     1.24481
         980     1.24416
         990     1.24335
        1000     1.24259
          10     1.19956
          20     1.19944
          30     1.19964
          40     1.20004
          50     1.20041
          60     1.20053
          70     1.20018
          80     1.19921
          90     1.19756
         100     1.19528
         110     1.19248
         120     1.18939
         130     1.18625
         140     1.18338
         150     1.18102
         160     1.17939
         170     1.17857
         180     1.17859
         190     1.17933
         200     1.18066
         210     1.18238
         220      1.1843
         230     1.18626
         240     1.18808
         250     1.18967
         260     1.19091
         270     1.19176
         280     1.19216
         290      1.1921
         300     1.19159
         310     1.19067
         320     1.18939
         330     1.18786
         340     1.18619
         350     1.18452
         360     1.18299
         370     1.18174
         380     1.18087
         390     1.18043
         400     1.18042
         410     1.18076
         420     1.18136
         430     1.18209
         440     1.18282
         450     1.18344
         460      1.1839
         470     1.18417
         480      1.1843
         490     1.18433
         500     1.18435
         510     1.18444
         520     1.18463
         530     1.18495
         540     1.18537
         550     1.18584
         560     1.18631
         570     1.18671
         580     1.18698
         590     1.18708
         600     1.18695
         610     1.18657
         620     1.18589
         630      1.1849
         640     1.18356
         650      1.1819
         660     1.17997
         670     1.17787
         680     1.17573
         690      1.1737
         700     1.17191
         710      1.1704
         720     1.16913
         730     1.16796
         740     1.16673
         750     1.16527
         760     1.16348
         770     1.16135
         780     1.15898
         790     1.15659
         800     1.15446
         810     1.15296
         820     1.15246
         830     1.15327
         840     1.15551
         850     1.15906
         860     1.16356
         870     1.16846
         880     1.17322
         890     1.17737
         900     1.18064
         910     1.18291
         920      1.1842
         930     1.18461
         940      1.1843
         950     1.18344
         960     1.18219
         970     1.18069
         980     1.17902
         990     1.17726
        1000     1.17541
          10     1.19814
          20     1.19608
          30     1.19395
          40     1.19183
          50     1.18984
          60     1.18814
          70     1.18689
          80     1.18618
          90     1.18599
         100     1.18624
         110     1.18676
         120     1.18741
         130     1.18804
         140     1.18856
         150     1.18896
         160     1.18924
         170     1.18946
         180     1.18967
         190     1.18994
         200     1.19035
         210     1.19096
         220     1.19179
         230     1.19286
         240     1.19414
         250     1.19558
         260     1.19708
         270     1.19853
         280     1.19983
         290     1.20085
         300     1.20149
         310      1.2017
         320     1.20142
         330     1.20067
         340     1.19953
         350     1.19816
         360     1.19678
         370     1.19567
         380     1.19509
         390      1.1952
         400     1.19604
         410     1.19748
         420     1.19929
         430     1.20117
         440     1.20284
         450      1.2041
         460     1.20478
         470     1.20481
         480     1.20417
         490     1.20286
         500     1.20093
         510     1.19847
         520     1.19558
         530     1.19243
         540     1.18919
         550     1.18608
         560      1.1833
         570     1.18108
         580     1.17957
         590     1.17892
         600     1.17919
         610      1.1804
         620      1.1825
         630     1.18536
         640     1.18883
         650     1.19266
         660     1.19661
         670      1.2004
         680     1.20386
         690     1.20683
         700     1.20926
         710     1.21113
         720     1.21249
         730      1.2134
         740     1.21392
         750     1.21413
         760     1.21409
         770     1.21385
         780     1.21347
         790     1.21297
         800     1.21239
         810     1.21175
         820     1.21108
         830      1.2104
         840     1.20974
         850      1.2091
         860     1.20852
         870     1.20799
         880     1.20752
         890     1.20713
         900     1.20678
         910     1.20646
         920     1.20614
         930     1.20577
         940     1.20531
         950     1.20469
         960     1.20389
         970     1.20288
         980     1.20165
         990     1.20026
        1000     1.19878
