         1   0.9979385678                   0
         2   0.9955508628      0.002387705047
         3   0.9994410222      0.004127192621
         4   0.9988448041      0.002978646603
         5   0.9971116655      0.002885683708
         6   0.9963016228      0.002491508832
         7   0.9960089179       0.00212595573
         8   0.9963933709      0.001880842881
         9   0.9973385104      0.001909118092
        10   0.9973199956      0.001707667505
        11   0.9978364646      0.001628699923
        12   0.9981928881      0.001528918107
        13     0.99780022      0.001460188175
        14   0.9979732393      0.001362898533
        15   0.9981300973      0.001278448734
        16   0.9987257412      0.001336008606
        17   0.9985764342       0.00126381214
        18   0.9988027699      0.001212839636
        19   0.9986847512      0.001153285914
        20   0.9984044317      0.001129442606
        21   0.9982682462       0.00108291158
        22   0.9983620792      0.001036770587
        23   0.9988251396      0.001093548923
        24   0.9986409909      0.001063064398
        25   0.9983518089      0.001059869638
        26   0.9984931948      0.001028058414
        27   0.9980500665      0.001083963818
        28   0.9977451817      0.001088120085
        29   0.9977181269      0.001050276984
        30   0.9977415452      0.001014934173
        31    0.997781854     0.0009824757853
        32   0.9980169691     0.0009799026055
        33   0.9982795388     0.0009853717258
        34   0.9984177505     0.0009658906697
        35   0.9986071085     0.0009568124705
        36   0.9984906081     0.0009371242639
        37   0.9984059123     0.0009153714543
        38   0.9984541495     0.0008922619977
        39   0.9983351436     0.0008771924695
        40   0.9984112159     0.0008583590699
        41   0.9983882843     0.0008374757608
        42   0.9983326673      0.000819182846
        43   0.9983969415     0.0008024833942
        44   0.9986078874     0.0008119149857
        45   0.9984166505     0.0008163819318
        46    0.998492959     0.0008020754845
        47   0.9986940729     0.0008101829187
        48   0.9989389042     0.0008300535267
        49   0.9989862405     0.0008143141858
        50   0.9989439153     0.0007989835527
        51   0.9990854429     0.0007958457596
        52   0.9990574927     0.0007808913364
        53   0.9990875987     0.0007666072353
        54   0.9992698704     0.0007740435824
        55   0.9991878555      0.000764253144
        56    0.999150926     0.0007513897523
        57   0.9991849604     0.0007388740395
        58   0.9991738688     0.0007261077953
        59   0.9991412604     0.0007144393255
        60   0.9991871744      0.000703930064
        61   0.9992764732     0.0006980296059
        62   0.9993464804     0.0006902381822
        63   0.9994367019     0.0006851597902
        64   0.9994649628     0.0006749611047
        65   0.9995471979     0.0006695651486
        66   0.9995574566     0.0006594219821
        67   0.9996075765     0.0006514362109
        68   0.9995193636     0.0006478187983
        69   0.9995675326     0.0006401758539
        70   0.9994671086      0.000638905966
        71   0.9994606852     0.0006298757637
        72   0.9994303747     0.0006218050737
        73   0.9994281185      0.000613232192
        74   0.9994057515     0.0006053018965
        75   0.9993953009     0.0005972681063
        76   0.9993888314     0.0005893924292
        77    0.999409643     0.0005820598005
        78   0.9994533742     0.0005762109141
        79    0.999530534     0.0005740793574
        80    0.999514962     0.0005670717928
        81   0.9995139272     0.0005600281054
        82   0.9995821335     0.0005573455234
        83   0.9996291081     0.0005525897979
        84    0.999696459      0.000550110235
        85   0.9997732743     0.0005490003207
        86   0.9998203681     0.0005446189896
        87   0.9997773633     0.0005400376278
        88   0.9997535908     0.0005343945866
        89   0.9997362808     0.0005286395161
        90    0.999798272     0.0005263957047
        91    0.999692047     0.0005313061718
        92   0.9996811672     0.0005256119868
        93    0.999749239     0.0005243667404
        94   0.9997359669     0.0005189281287
        95   0.9997103254     0.0005140765549
        96    0.999614077     0.0005177187698
        97     0.99966432     0.0005148112616
        98   0.9996542347      0.000509630807
        99   0.9996954505     0.0005061376829
       100   0.9997101342     0.0005012658562
