         1   0.9989806584                   0
         2   0.9991300737     0.0001494153555
         3   0.9995736393     0.0004518761267
         4   0.9996869419     0.0003390184559
         5    0.999814296     0.0002918546976
         6   0.9994006663     0.0004773632074
         7   0.9998718464     0.0006203055466
         8   0.9996238933     0.0005916628674
         9   0.9994542742     0.0005486741896
        10   0.9994426453     0.0004908868753
        11   0.9994142885      0.000444928447
        12   0.9994644245     0.0004092449064
        13    0.999558855     0.0003881135593
        14   0.9995427824     0.0003596826184
        15   0.9995285079     0.0003351504174
        16   0.9994567166     0.0003216194487
        17   0.9995047707     0.0003059067835
        18   0.9996194433      0.000310372552
        19   0.9997036718     0.0003054266561
        20   0.9997000405      0.000289775922
        21   0.9997251154     0.0002767700999
        22   0.9996981895     0.0002652600636
        23   0.9996659118     0.0002555117211
        24   0.9996424818     0.0002457532984
        25   0.9996522484     0.0002359205259
        26   0.9995971533     0.0002332649519
        27   0.9995122752     0.0002399714154
        28   0.9994860851     0.0002327206343
        29   0.9995146867     0.0002263666212
        30   0.9995420554     0.0002203968533
        31   0.9996193082     0.0002267353136
        32   0.9996574673     0.0002228272014
        33   0.9996661115     0.0002161422554
        34   0.9996925135      0.000211344393
        35    0.999709046     0.0002058820256
        36    0.999726275     0.0002008217876
        37   0.9997426527     0.0001960042175
        38   0.9998015633     0.0001996650313
        39    0.999793725     0.0001946359341
        40    0.999801162     0.0001898533604
        41   0.9998150246     0.0001856830955
        42   0.9998096509     0.0001812878057
        43   0.9997418561     0.0001895594814
        44   0.9997663275     0.0001868109723
        45   0.9997368632     0.0001849741855
        46   0.9997428964     0.0001810088992
        47   0.9997712476     0.0001793705272
        48   0.9998168423      0.000181416892
        49   0.9998238969     0.0001778159313
        50    0.999792029     0.0001771138836
        51   0.9997780226     0.0001741704261
        52   0.9997761265     0.0001707986784
        53   0.9997502373     0.0001695334868
        54   0.9997784635     0.0001687418634
        55   0.9997270407      0.000173443692
        56   0.9997529103     0.0001722717864
        57   0.9997513894     0.0001692293212
        58   0.9997636164     0.0001667348924
        59    0.999777385     0.0001644618807
        60   0.9997797117     0.0001617143567
        61   0.9997803187     0.0001590423664
        62    0.999811237     0.0001594818678
        63   0.9997918326      0.000158125122
        64    0.999760753       0.00015870769
        65   0.9997503586     0.0001565923234
        66   0.9997341834     0.0001550475006
        67   0.9997341208     0.0001527158392
        68   0.9997269544     0.0001506238371
        69   0.9997259108     0.0001484284999
        70   0.9997354342     0.0001466023786
        71   0.9997374866     0.0001445373792
        72   0.9997540051     0.0001434698882
        73   0.9997384758     0.0001423405635
        74   0.9997322597     0.0001405414014
        75   0.9997478135     0.0001395245192
        76   0.9997715064     0.0001397002171
        77   0.9998075106     0.0001424975216
        78   0.9998012976     0.0001407959205
        79   0.9997865238     0.0001397851739
        80   0.9997817966     0.0001381077244
        81   0.9998077079     0.0001388314916
        82   0.9997942489     0.0001377868859
        83   0.9998065831     0.0001366743703
        84   0.9997896301     0.0001360975007
        85   0.9997957841     0.0001346275513
        86   0.9997844566      0.000133534223
        87   0.9997758348     0.0001322717161
        88   0.9997996434     0.0001329098283
        89   0.9998362809     0.0001364198019
        90    0.999859813     0.0001369326802
        91   0.9998409112     0.0001367323514
        92   0.9998420937     0.0001352431337
        93    0.999842948     0.0001337837299
        94   0.9998515957     0.0001326350633
        95   0.9998404426     0.0001317045642
        96   0.9998282442     0.0001308950618
        97   0.9998309535       0.00012956693
        98   0.9998489457     0.0001294940327
        99   0.9998644194      0.000129109939
       100   0.9998565134     0.0001280566024
