         1              1                   0
         2    1.414734024      0.007867360111
         3    1.725956731       0.01076534036
         4    2.009748151       0.01159605102
         5    2.241853634        0.0149383528
         6    2.454033165       0.01823561409
         7      2.6536907       0.01894320895
         8    2.842455641       0.02021248952
         9    3.015277594       0.02052370612
        10    3.163118449       0.02190006675
        11    3.315036822       0.02259231763
        12    3.470386017       0.02309857994
        13     3.61946811       0.02579064874
        14    3.758435782       0.02751683949
        15     3.88399399        0.0271528943
        16    4.012141801       0.02890565725
        17    4.134763267       0.02976892867
        18    4.249018072       0.03143783674
        19    4.358177132       0.03073051402
        20    4.474725201        0.0313395185
        21     4.57249671       0.03105450378
        22    4.696394164       0.03125035081
        23    4.808417015       0.03277190984
        24    4.910473143       0.03482329339
        25     4.99631998       0.03550311606
        26    5.104610958        0.0346624369
        27    5.174882358       0.03648613627
        28    5.254844952       0.03654311583
        29    5.334947534       0.03672650954
        30    5.419726124       0.03762772757
        31    5.507067161       0.03910763269
        32     5.58975997       0.04111863554
        33    5.657265277       0.04303505537
        34    5.745308454       0.04656165315
        35    5.835679323       0.04592999033
        36    5.922574157       0.04751558534
        37    6.008877807       0.04863671746
        38    6.102663856       0.05048190637
        39     6.18478208       0.05057953324
        40    6.258505783       0.04893877504
        41    6.304257952       0.04852695555
        42    6.409759984       0.04876007563
        43     6.48776813       0.04849916079
        44    6.566833392       0.04975690366
        45    6.636168775        0.0493660808
        46    6.698489161       0.05003463048
        47    6.779264477       0.05108649375
        48    6.852230536       0.05246804471
        49    6.925561349       0.05231991776
        50    7.002746234       0.05283337516
        51    7.067559344       0.05348509773
        52    7.148302187       0.05334998231
        53    7.213992664       0.05392754662
        54    7.297704947       0.05267611269
        55    7.350190078       0.05358895326
        56    7.421188265       0.05430597333
        57    7.496066747       0.05357740752
        58    7.580874903       0.05441476557
        59    7.659266036        0.0543505079
        60    7.726198707       0.05492451541
        61    7.792571929       0.05547068859
        62     7.85494349       0.05669898973
        63    7.916367627       0.05783323221
        64    7.986544589       0.06005935901
        65    8.060280616       0.06042579465
        66    8.129245172       0.05967698707
        67    8.186890151       0.06067213216
        68    8.242237369       0.06109465664
        69    8.290888086       0.06192001558
        70    8.352656793       0.06336717585
        71    8.416364111        0.0635017812
        72    8.470105191       0.06461369717
        73    8.533446572       0.06472081466
        74    8.604801802       0.06408532361
        75    8.684577131        0.0652980773
        76    8.745692351       0.06510793723
        77    8.805652531       0.06504726373
        78    8.866086691       0.06603540498
        79    8.924758655       0.06756089298
        80    8.985783199       0.06694640504
        81    9.047911129       0.07096052416
        82    9.105710321       0.07281077995
        83    9.175887287        0.0707743954
        84    9.232026988       0.07166685588
        85    9.267900469       0.07222446022
        86    9.308449875        0.0724158117
        87    9.372637165       0.07275755811
        88     9.42827618       0.07358141759
        89    9.494251792       0.07407223551
        90    9.553492212       0.07502097717
        91    9.622077614       0.07651647997
        92    9.680434253       0.07949287964
        93    9.744619033       0.07826398671
        94    9.795942325       0.07951328941
        95    9.854754274       0.08139057801
        96    9.917415235        0.0805583456
        97    9.971199992       0.08115148063
        98    10.03526701       0.08049191848
        99    10.07951785        0.0795009631
       100    10.11718262       0.08049190746
