         1              1                   0
         2    1.417299276      0.004380257335
         3    1.730900785      0.005804981312
         4    1.993370935      0.007058497977
         5    2.222330406      0.008033560551
         6    2.436656534      0.007966711485
         7    2.640403693      0.008602603983
         8    2.831195914      0.009174285031
         9    2.999558139      0.009699226552
        10    3.169185211       0.01102702668
        11    3.321157987       0.01114543018
        12     3.47330641       0.01252922905
        13     3.61767194       0.01417895381
        14     3.75452886       0.01425950932
        15    3.887636658       0.01338779153
        16    4.017658038       0.01422136566
        17    4.145929681       0.01482341323
        18    4.268785753       0.01545423806
        19    4.391703937       0.01685204163
        20    4.499779417       0.01809067009
        21     4.61001013       0.01875066119
        22    4.711128254        0.0189685095
        23    4.815132093       0.01924438465
        24    4.922719743       0.01935063942
        25    5.029879936       0.02011630142
        26    5.130468153       0.02103397502
        27     5.22666995       0.02093339609
        28    5.308189577          0.02185134
        29    5.393123015       0.02195930475
        30    5.481336547       0.02222280868
        31    5.565525415       0.02263724956
        32    5.652220276       0.02332496058
        33    5.723839342       0.02391037842
        34    5.808203174       0.02459057568
        35    5.893141526       0.02462755642
        36     5.97477021       0.02607387287
        37    6.056774129         0.025929218
        38    6.150031181        0.0263706404
        39    6.235590323       0.02665845842
        40    6.324093339       0.02667086768
        41    6.395241992       0.02720485617
        42    6.462617253       0.02668235659
        43     6.54228981       0.02642222502
        44    6.621584866       0.02668060288
        45    6.703955856       0.02739188473
        46     6.77298207        0.0273023478
        47    6.847375545       0.02815566242
        48    6.918148838       0.02870851895
        49    6.984576124       0.02966501105
        50    7.055074499       0.02929120826
        51    7.123288967       0.02882676808
        52    7.190147052       0.02890384545
        53    7.259339782       0.02942281877
        54    7.326201736       0.02915039382
        55    7.387959707       0.02914066112
        56    7.449630346       0.03043435655
        57    7.508959311       0.03127315948
        58    7.570468549       0.03123900066
        59    7.622943756         0.030317901
        60     7.68115526       0.03087307437
        61    7.751479664       0.03058037504
        62    7.811998747       0.03014937484
        63    7.879060358       0.03138586827
        64    7.940390386        0.0322175073
        65    7.998353397       0.03260817076
        66    8.060363334       0.03230201211
        67    8.129678219        0.0333220032
        68    8.187060079        0.0334837307
        69    8.255700104       0.03494471541
        70    8.321137326       0.03435838791
        71    8.387491941       0.03549763129
        72    8.440267923       0.03473687003
        73    8.493936504        0.0352124145
        74    8.551216816       0.03526602528
        75    8.611839331       0.03622673754
        76    8.668118367       0.03663317832
        77    8.725839642       0.03725004467
        78    8.783480081       0.03794302829
        79    8.839418826        0.0383808011
        80    8.897733625       0.03851454196
        81    8.952666123        0.0388604279
        82    9.016026041       0.03926881119
        83    9.067406646        0.0393065545
        84    9.127929185       0.03908403955
        85    9.184922748       0.03932619353
        86    9.236864677       0.04023578257
        87    9.284914494       0.04047740855
        88    9.351129555        0.0413694168
        89    9.408978635       0.04111667513
        90    9.449051179       0.04193359688
        91    9.508805794       0.04276646134
        92    9.564887614          0.04232933
        93    9.615850117       0.04127565927
        94    9.663775966       0.04034748453
        95    9.709724154       0.03916009405
        96    9.759738318       0.03909023066
        97    9.806592191        0.0389794553
        98    9.859054644       0.03877329483
        99     9.91132392       0.03934746625
       100    9.957837497       0.03914487575
