           0     39.1509     1.86201
           1     36.7017     2.11996
           2     34.5891     1.81036
           3     33.5666     1.61426
           4     32.5232    0.862056
           5       32.09     1.07922
           6     31.2114    0.620938
           7     30.5795     1.18434
           8     29.3355     2.19284
           9      26.218     2.17806
          10     24.7698       1.501
          11     23.7543   0.0690626
          12     23.7354  6.7435e-07
          13     23.7054    0.158741
          14     23.3881    0.499373
          15     22.8189     0.55963
          16     22.0204      0.5434
          17     21.4854    0.608022
          18     21.2009    0.859582
          19      20.638    0.846264
          20     20.3019    0.931608
          21     19.6791     0.79734
          22     19.3517    0.881822
          23     18.6135     1.05098
          24      17.731    0.792914
          25     17.0348      0.3113
          26      16.709    0.343806
          27     16.3379    0.411238
          28      16.023    0.234262
          29     15.9427   0.0845223
          30     15.8758    0.122242
          31     15.7316    0.181209
          32     15.3784    0.351283
          33     15.1188    0.412909
          34     14.7719    0.365884
          35     14.5389     0.21343
          36     14.4303    0.205989
          37      14.222    0.217663
          38     14.0975    0.245389
          39     13.9256    0.217431
          40     13.8105   0.0731519
          41     13.7963 3.37175e-07
          42     13.7712    0.175792
          43     13.6839    0.342425
          44     13.4237    0.555381
          45     13.0913    0.582811
          46     12.7199    0.365647
          47     12.5406 5.59141e-07
          48      12.538    0.018197
          49     12.5056   0.0787538
          50     12.4372    0.141492
          51     12.3061    0.181774
          52     12.1995    0.151539
          53     12.0907 5.05762e-07
          54     12.0902  0.00381563
          55     12.0863   0.0141253
          56     12.0711   0.0306194
          57     12.0406   0.0362063
          58     12.0115   0.0199256
          59     12.0014   0.0140374
          60     11.9879   0.0372136
          61     11.9394   0.0942592
          62     11.8261    0.108916
          63     11.7299   0.0323288
          64     11.7146   0.0406759
          65      11.699   0.0425446
          66     11.6589    0.166075
          67     11.7292    0.688035
          68     11.2924    0.761664
          69     10.7364    0.440779
          70     10.5301 3.95372e-07
          71     10.5301 3.95372e-07
          72     10.5301 3.95372e-07
          73     10.5301 3.95372e-07
          74     10.5301 3.95372e-07
          75     10.5301 3.95372e-07
          76     10.5301 3.95372e-07
          77     10.5301 3.95372e-07
          78     10.5301 3.95372e-07
          79     10.5301 3.95372e-07
          80     10.5298  0.00218852
          81     10.5276  0.00572849
          82     10.5248  0.00740368
          83     10.5099   0.0617408
          84     10.4167    0.175985
          85     10.2591    0.202331
          86     10.1704    0.171485
          87      10.089   0.0607809
          88     10.0803 4.12953e-07
          89     10.0803 4.12953e-07
          90     10.0803 4.12953e-07
          91     10.0803 4.12953e-07
          92     10.0803 4.12953e-07
          93     10.0779   0.0168205
          94     10.0563   0.0480586
          95     10.0321   0.0590305
          96     10.0049   0.0590914
          97     9.97037   0.0633371
          98     9.97379    0.091342
          99     9.90172    0.120522
         100     9.78104    0.136275
         101     9.70467    0.097362
         102     9.66143 0.000215817
         103     9.66127 0.000500944
         104     9.66069 0.000770774
         105     9.65701   0.0227464
         106     9.63723   0.0562344
         107     9.60805   0.0755994
         108     9.55294   0.0767817
         109     9.49777 0.000228806
         110     9.49754 0.000349508
         111     9.47159    0.179679
         112     9.26615     0.49303
         113     8.96794    0.624072
         114     8.50914    0.519024
         115     8.21384 1.19209e-07
         116     8.21384 1.19209e-07
         117     8.21384 1.19209e-07
         118     8.21384 1.19209e-07
         119     8.21384 1.19209e-07
         120     8.21384 1.19209e-07
         121     8.21384 1.19209e-07
         122     8.21384 1.19209e-07
         123     8.20211   0.0821336
         124     8.13145     0.20347
         125     7.99039    0.284368
         126     7.73631    0.225094
         127     7.67764    0.160041
         128     7.62717 3.57628e-07
         129     7.62717 3.57628e-07
         130     7.62717 3.57628e-07
         131     7.62717 3.57628e-07
         132     7.62717 3.57628e-07
         133     7.62717 3.57628e-07
         134     7.62717 3.57628e-07
         135     7.62717 3.57628e-07
         136     7.62717 3.57628e-07
         137     7.62717 3.57628e-07
         138     7.62717 3.57628e-07
         139     7.62717 3.57628e-07
         140     7.62717 3.57628e-07
         141     7.62717 3.57628e-07
         142     7.62717 3.57628e-07
         143     7.62717 3.57628e-07
         144     7.62294   0.0296309
         145     7.61871   0.0414747
         146     7.66494    0.289127
         147     7.74748    0.525972
         148     7.83726    0.663362
         149     8.65699     1.32008
         150     8.37509     1.16389
         151     7.58461    0.480131
         152     7.50891    0.288297
         153     7.41552 1.46001e-07
         154     7.40034     0.10627
         155     7.32443    0.246668
         156     7.14226    0.364353
         157     6.90922    0.364306
         158     6.81925    0.357628
         159     6.65982    0.284238
         160     6.53683   0.0398754
         161     6.52354 1.46001e-07
         162     6.52354 1.46001e-07
         163     6.52354 1.46001e-07
         164     6.52354 1.46001e-07
         165     6.52354 1.46001e-07
         166     6.52354 1.46001e-07
         167     6.52354 1.46001e-07
         168     6.52354 1.46001e-07
         169     6.52354 1.46001e-07
         170     6.52354 1.46001e-07
         171     6.52883   0.0370942
         172     6.52328  0.00180493
         173     6.52199  0.00418951
         174     6.51786  0.00639959
         175     6.51374   0.0055061
         176     6.51064 2.52881e-07
         177     6.51064 2.52881e-07
         178     6.51064 2.52881e-07
         179     6.51064 2.52881e-07
         180     6.51064 2.52881e-07
         181     6.51064 2.52881e-07
         182     6.51064 2.52881e-07
         183     6.51064 2.52881e-07
         184     6.51064 2.52881e-07
         185     6.51064 2.52881e-07
         186     6.51064 2.52881e-07
         187     6.51064 2.52881e-07
         188     6.51064 2.52881e-07
         189     6.51064 2.52881e-07
         190     6.51064 2.52881e-07
         191     6.51064 2.52881e-07
         192     6.51064 2.52881e-07
         193     6.51064 2.52881e-07
         194     6.51064 2.52881e-07
         195     6.52239    0.082238
         196     6.51064 2.52881e-07
         197     6.51064 2.52881e-07
         198     6.51064 2.52881e-07
         199     6.51064 2.52881e-07
         200     6.51064 2.52881e-07
         201     6.51064 2.52881e-07
         202     6.51064 2.52881e-07
         203     6.51064 2.52881e-07
         204     6.51064 2.52881e-07
         205     6.51064 2.52881e-07
         206     6.51064 2.52881e-07
         207     6.51064 2.52881e-07
         208     6.51064 2.52881e-07
         209     6.51064 2.52881e-07
         210     6.51064 2.52881e-07
         211     6.51064 2.52881e-07
         212     6.51064 2.52881e-07
         213     6.51064 2.52881e-07
         214     6.51064 2.52881e-07
         215     6.51064 2.52881e-07
         216     6.51064 2.52881e-07
         217     6.51064 2.52881e-07
         218     6.51064 2.52881e-07
         219     6.51064 2.52881e-07
         220     6.51064 2.52881e-07
         221     6.51064 2.52881e-07
         222     6.51064 2.52881e-07
         223     6.51064 2.52881e-07
         224     6.51064 2.52881e-07
         225     6.51064 2.52881e-07
         226     6.51064 2.52881e-07
         227     6.51064 2.52881e-07
         228     6.51064 2.52881e-07
         229     6.51064 2.52881e-07
         230     6.51064 2.52881e-07
         231     6.51064 2.52881e-07
         232     6.51064 2.52881e-07
         233     6.51064 2.52881e-07
         234     6.51064 2.52881e-07
         235     6.50534   0.0371002
         236     6.45764    0.106001
         237     6.38219    0.131478
         238     6.28698   0.0949688
         239     6.24564 1.46001e-07
         240     6.24564 1.46001e-07
         241     6.24564 1.46001e-07
         242     6.24564 1.46001e-07
         243     6.24564 1.46001e-07
         244     6.24564 1.46001e-07
         245     6.24564 1.46001e-07
         246     6.24564 1.46001e-07
         247     6.24564 1.46001e-07
         248     6.24564 1.46001e-07
         249     6.24564 1.46001e-07
         250     6.24564 1.46001e-07
         251     6.24564 1.46001e-07
         252     6.24564 1.46001e-07
         253     6.24564 1.46001e-07
         254     6.24564 1.46001e-07
         255     6.25742   0.0824503
         256      6.2754    0.208313
         257     6.28611    0.162878
         258     6.31375    0.207133
         259     6.31082    0.240742
         260     6.24564 1.46001e-07
         261     6.24564 1.46001e-07
         262     6.24564 1.46001e-07
         263     6.24564 1.46001e-07
         264     6.24564 1.46001e-07
         265     6.24564 1.46001e-07
         266     6.24564 1.46001e-07
         267     6.24564 1.46001e-07
         268     6.24564 1.46001e-07
         269     6.24564 1.46001e-07
         270     6.24564 1.46001e-07
         271     6.24564 1.46001e-07
         272     6.24564 1.46001e-07
         273     6.24564 1.46001e-07
         274     6.24564 1.46001e-07
         275     6.24564 1.46001e-07
         276     6.24564 1.46001e-07
         277     6.24564 1.46001e-07
         278     6.24564 1.46001e-07
         279     6.24564 1.46001e-07
         280     6.24564 1.46001e-07
         281     6.24564 1.46001e-07
         282     6.24564 1.46001e-07
         283     6.24564 1.46001e-07
         284     6.24564 1.46001e-07
         285     6.24564 1.46001e-07
         286     6.24564 1.46001e-07
         287     6.24564 1.46001e-07
         288     6.24564 1.46001e-07
         289     6.24564 1.46001e-07
         290     6.24564 1.46001e-07
         291     6.24564 1.46001e-07
         292     6.24564 1.46001e-07
         293     6.24564 1.46001e-07
         294     6.24564 1.46001e-07
         295     6.24564 1.46001e-07
         296     6.24564 1.46001e-07
         297     6.24564 1.46001e-07
         298     6.24564 1.46001e-07
         299     6.24564 1.46001e-07
         300     6.24564 1.46001e-07
         301     6.24564 1.46001e-07
         302     6.24564 1.46001e-07
         303     6.24564 1.46001e-07
         304     6.24564 1.46001e-07
         305     6.24564 1.46001e-07
         306     6.24564 1.46001e-07
         307     6.24564 1.46001e-07
         308     6.24564 1.46001e-07
         309     6.24564 1.46001e-07
         310     6.24564 1.46001e-07
         311     6.24564 1.46001e-07
         312     6.24564 1.46001e-07
         313     6.24564 1.46001e-07
         314     6.24564 1.46001e-07
         315     6.24564 1.46001e-07
         316     6.24564 1.46001e-07
         317     6.24564 1.46001e-07
         318     6.24564 1.46001e-07
         319     6.24564 1.46001e-07
         320     6.24564 1.46001e-07
         321     6.24564 1.46001e-07
         322     6.24564 1.46001e-07
         323     6.24564 1.46001e-07
         324     6.24564 1.46001e-07
         325     6.24564 1.46001e-07
         326     6.24564 1.46001e-07
         327     6.24564 1.46001e-07
         328     6.24564 1.46001e-07
         329     6.24564 1.46001e-07
         330     6.24564 1.46001e-07
         331     6.24564 1.46001e-07
         332     6.24564 1.46001e-07
         333     6.24564 1.46001e-07
         334     6.24564 1.46001e-07
         335     6.24564 1.46001e-07
         336     6.24564 1.46001e-07
         337     6.24564 1.46001e-07
         338     6.24564 1.46001e-07
         339     6.24564 1.46001e-07
         340     6.24564 1.46001e-07
         341     6.24564 1.46001e-07
         342     6.24564 1.46001e-07
         343     6.24564 1.46001e-07
         344     6.24564 1.46001e-07
         345     6.24564 1.46001e-07
         346     6.24564 1.46001e-07
         347     6.24564 1.46001e-07
         348     6.24564 1.46001e-07
         349     6.24564 1.46001e-07
         350     6.24564 1.46001e-07
         351     6.24564 1.46001e-07
         352     6.24564 1.46001e-07
         353     6.24564 1.46001e-07
         354     6.24564 1.46001e-07
         355     6.24564 1.46001e-07
         356     6.24564 1.46001e-07
         357     6.24564 1.46001e-07
         358     6.24564 1.46001e-07
         359     6.24564 1.46001e-07
         360     6.24564 1.46001e-07
         361     6.24564 1.46001e-07
         362     6.24564 1.46001e-07
         363     6.24564 1.46001e-07
         364     6.24564 1.46001e-07
         365     6.24564 1.46001e-07
         366     6.24564 1.46001e-07
         367     6.24564 1.46001e-07
         368     6.24564 1.46001e-07
         369     6.24564 1.46001e-07
         370     6.24564 1.46001e-07
         371     6.24564 1.46001e-07
         372     6.24564 1.46001e-07
         373     6.24564 1.46001e-07
         374     6.24564 1.46001e-07
         375     6.24564 1.46001e-07
         376     6.24564 1.46001e-07
         377     6.24564 1.46001e-07
         378     6.24564 1.46001e-07
         379     6.24564 1.46001e-07
         380     6.24564 1.46001e-07
         381      6.2506   0.0347396
         382     6.24564 1.46001e-07
         383     6.24564 1.46001e-07
         384     6.24564 1.46001e-07
         385     6.24564 1.46001e-07
         386     6.24564 1.46001e-07
         387     6.24564 1.46001e-07
         388     6.24564 1.46001e-07
         389     6.24564 1.46001e-07
         390     6.24564 1.46001e-07
         391     6.24564 1.46001e-07
         392     6.24564 1.46001e-07
         393     6.24564 1.46001e-07
         394     6.24564 1.46001e-07
         395     6.24564 1.46001e-07
         396     6.24564 1.46001e-07
         397     6.24564 1.46001e-07
         398     6.24564 1.46001e-07
         399     6.24564 1.46001e-07
         400     6.24564 1.46001e-07
         401     6.24564 1.46001e-07
         402     6.24564 1.46001e-07
         403     6.24564 1.46001e-07
         404     6.24564 1.46001e-07
         405     6.24564 1.46001e-07
         406     6.24564 1.46001e-07
         407     6.24564 1.46001e-07
         408     6.24564 1.46001e-07
         409     6.24564 1.46001e-07
         410     6.24564 1.46001e-07
         411     6.24564 1.46001e-07
         412     6.24564 1.46001e-07
         413     6.24564 1.46001e-07
         414     6.24564 1.46001e-07
         415     6.24564 1.46001e-07
         416     6.24564 1.46001e-07
         417     6.24564 1.46001e-07
         418     6.24564 1.46001e-07
         419     6.24564 1.46001e-07
         420     6.24564 1.46001e-07
         421     6.24564 1.46001e-07
         422     6.24564 1.46001e-07
         423     6.24564 1.46001e-07
         424     6.24564 1.46001e-07
         425     6.24564 1.46001e-07
         426     6.24564 1.46001e-07
         427     6.24564 1.46001e-07
         428     6.24564 1.46001e-07
         429     6.24564 1.46001e-07
         430     6.24564 1.46001e-07
         431     6.24564 1.46001e-07
         432     6.24564 1.46001e-07
         433     6.24564 1.46001e-07
         434     6.24564 1.46001e-07
         435     6.24564 1.46001e-07
         436     6.24564 1.46001e-07
         437     6.24564 1.46001e-07
         438     6.24564 1.46001e-07
         439     6.24564 1.46001e-07
         440     6.24564 1.46001e-07
         441     6.24564 1.46001e-07
         442     6.24564 1.46001e-07
         443     6.24564 1.46001e-07
         444     6.24564 1.46001e-07
         445     6.24564 1.46001e-07
         446     6.24564 1.46001e-07
         447     6.24564 1.46001e-07
         448     6.24564 1.46001e-07
         449     6.24564 1.46001e-07
         450     6.24564 1.46001e-07
         451     6.24564 1.46001e-07
         452     6.24564 1.46001e-07
         453     6.24564 1.46001e-07
         454     6.24564 1.46001e-07
         455     6.24564 1.46001e-07
         456     6.24564 1.46001e-07
         457     6.24564 1.46001e-07
         458     6.24564 1.46001e-07
         459     6.24564 1.46001e-07
         460     6.24564 1.46001e-07
         461     6.24564 1.46001e-07
         462     6.24564 1.46001e-07
         463     6.24564 1.46001e-07
         464     6.24564 1.46001e-07
         465     6.24564 1.46001e-07
         466     6.24564 1.46001e-07
         467     6.24564 1.46001e-07
         468     6.24564 1.46001e-07
         469     6.24564 1.46001e-07
         470     6.24564 1.46001e-07
         471     6.24564 1.46001e-07
         472     6.24564 1.46001e-07
         473     6.24564 1.46001e-07
         474     6.24564 1.46001e-07
         475     6.24564 1.46001e-07
         476     6.24564 1.46001e-07
         477     6.24564 1.46001e-07
         478     6.24564 1.46001e-07
         479     6.24564 1.46001e-07
         480     6.24564 1.46001e-07
         481     6.24564 1.46001e-07
         482     6.24564 1.46001e-07
         483     6.24564 1.46001e-07
         484     6.24564 1.46001e-07
         485     6.24564 1.46001e-07
         486     6.24564 1.46001e-07
         487     6.24564 1.46001e-07
         488     6.24564 1.46001e-07
         489     6.24564 1.46001e-07
         490     6.24564 1.46001e-07
         491     6.24564 1.46001e-07
         492     6.24564 1.46001e-07
         493     6.24564 1.46001e-07
         494     6.24564 1.46001e-07
         495     6.24564 1.46001e-07
         496     6.24564 1.46001e-07
         497     6.24564 1.46001e-07
         498     6.24564 1.46001e-07
         499     6.24564 1.46001e-07
         500     6.24564 1.46001e-07
         501     6.24564 1.46001e-07
         502     6.24564 1.46001e-07
         503     6.24564 1.46001e-07
         504     6.24564 1.46001e-07
         505     6.24564 1.46001e-07
         506     6.24564 1.46001e-07
         507     6.24564 1.46001e-07
         508     6.24564 1.46001e-07
         509     6.24564 1.46001e-07
         510     6.24564 1.46001e-07
         511     6.24564 1.46001e-07
         512     6.24564 1.46001e-07
         513     6.24564 1.46001e-07
         514     6.24564 1.46001e-07
         515     6.24564 1.46001e-07
         516     6.24564 1.46001e-07
         517     6.24564 1.46001e-07
         518     6.24564 1.46001e-07
         519     6.24564 1.46001e-07
         520     6.24564 1.46001e-07
         521     6.24564 1.46001e-07
         522     6.24564 1.46001e-07
         523     6.24564 1.46001e-07
         524     6.24564 1.46001e-07
         525     6.24564 1.46001e-07
         526     6.24564 1.46001e-07
         527     6.24564 1.46001e-07
         528     6.24564 1.46001e-07
         529     6.24564 1.46001e-07
         530     6.27101    0.127353
         531     6.24564 1.46001e-07
         532     6.24564 1.46001e-07
         533     6.24564 1.46001e-07
         534     6.24564 1.46001e-07
         535     6.24564 1.46001e-07
         536     6.24564 1.46001e-07
         537     6.24564 1.46001e-07
         538     6.24564 1.46001e-07
         539     6.24564 1.46001e-07
         540     6.24564 1.46001e-07
         541     6.24564 1.46001e-07
         542     6.24564 1.46001e-07
         543     6.24564 1.46001e-07
         544     6.24564 1.46001e-07
         545     6.24564 1.46001e-07
         546     6.24564 1.46001e-07
         547     6.24564 1.46001e-07
         548     6.24564 1.46001e-07
         549     6.24564 1.46001e-07
         550     6.24564 1.46001e-07
         551     6.24564 1.46001e-07
         552     6.24564 1.46001e-07
         553     6.24564 1.46001e-07
         554     6.24564 1.46001e-07
         555     6.24564 1.46001e-07
         556     6.24564 1.46001e-07
         557     6.24564 1.46001e-07
         558     6.24564 1.46001e-07
         559     6.24564 1.46001e-07
         560     6.24564 1.46001e-07
         561     6.24564 1.46001e-07
         562     6.24564 1.46001e-07
         563     6.24564 1.46001e-07
         564     6.24564 1.46001e-07
         565     6.24564 1.46001e-07
         566     6.24564 1.46001e-07
         567     6.24564 1.46001e-07
         568     6.24564 1.46001e-07
         569     6.24564 1.46001e-07
         570     6.24564 1.46001e-07
         571     6.24564 1.46001e-07
         572     6.24564 1.46001e-07
         573     6.24564 1.46001e-07
         574     6.24564 1.46001e-07
         575     6.24564 1.46001e-07
         576     6.24564 1.46001e-07
         577     6.24564 1.46001e-07
         578     6.24564 1.46001e-07
         579     6.24564 1.46001e-07
         580     6.24564 1.46001e-07
         581     6.24564 1.46001e-07
         582     6.24564 1.46001e-07
         583     6.24564 1.46001e-07
         584     6.24564 1.46001e-07
         585     6.24564 1.46001e-07
         586     6.24564 1.46001e-07
         587     6.24564 1.46001e-07
         588     6.24564 1.46001e-07
         589     6.24564 1.46001e-07
         590     6.24564 1.46001e-07
         591     6.24564 1.46001e-07
         592     6.24564 1.46001e-07
         593     6.24564 1.46001e-07
         594     6.24564 1.46001e-07
         595     6.24564 1.46001e-07
         596     6.24564 1.46001e-07
         597     6.24564 1.46001e-07
         598     6.24564 1.46001e-07
         599     6.24564 1.46001e-07
         600     6.24564 1.46001e-07
         601     6.24564 1.46001e-07
         602     6.24564 1.46001e-07
         603     6.24564 1.46001e-07
         604     6.24564 1.46001e-07
         605     6.24564 1.46001e-07
         606     6.24564 1.46001e-07
         607     6.24564 1.46001e-07
         608     6.24564 1.46001e-07
         609     6.24564 1.46001e-07
         610     6.24564 1.46001e-07
         611     6.24564 1.46001e-07
         612     6.24564 1.46001e-07
         613     6.24564 1.46001e-07
         614     6.24564 1.46001e-07
         615     6.24564 1.46001e-07
         616     6.24564 1.46001e-07
         617     6.24564 1.46001e-07
         618     6.24564 1.46001e-07
         619     6.24564 1.46001e-07
         620     6.24564 1.46001e-07
         621     6.24564 1.46001e-07
         622     6.24564 1.46001e-07
         623     6.24564 1.46001e-07
         624     6.24564 1.46001e-07
         625     6.24564 1.46001e-07
         626     6.24564 1.46001e-07
         627     6.24564 1.46001e-07
         628     6.24564 1.46001e-07
         629     6.24564 1.46001e-07
         630     6.24564 1.46001e-07
         631     6.24564 1.46001e-07
         632     6.24564 1.46001e-07
         633     6.24564 1.46001e-07
         634     6.24564 1.46001e-07
         635     6.24564 1.46001e-07
         636     6.24564 1.46001e-07
         637     6.24564 1.46001e-07
         638     6.24564 1.46001e-07
         639     6.24564 1.46001e-07
         640     6.24564 1.46001e-07
         641     6.24564 1.46001e-07
         642     6.24564 1.46001e-07
         643     6.24564 1.46001e-07
         644     6.24564 1.46001e-07
         645     6.24564 1.46001e-07
         646     6.24564 1.46001e-07
         647     6.24564 1.46001e-07
         648     6.24564 1.46001e-07
         649     6.24564 1.46001e-07
         650     6.24564 1.46001e-07
         651     6.24564 1.46001e-07
         652     6.24564 1.46001e-07
         653     6.24564 1.46001e-07
         654     6.24564 1.46001e-07
         655     6.24564 1.46001e-07
         656     6.24564 1.46001e-07
         657     6.24564 1.46001e-07
         658     6.24564 1.46001e-07
         659     6.24564 1.46001e-07
         660     6.24564 1.46001e-07
         661     6.24564 1.46001e-07
         662     6.24564 1.46001e-07
         663     6.24564 1.46001e-07
         664     6.24564 1.46001e-07
         665     6.24564 1.46001e-07
         666     6.24564 1.46001e-07
         667     6.24564 1.46001e-07
         668     6.24564 1.46001e-07
         669     6.24564 1.46001e-07
         670     6.24564 1.46001e-07
         671     6.24564 1.46001e-07
         672     6.24564 1.46001e-07
         673     6.24564 1.46001e-07
         674     6.24564 1.46001e-07
         675     6.24564 1.46001e-07
         676     6.24564 1.46001e-07
         677     6.24564 1.46001e-07
         678     6.24564 1.46001e-07
         679     6.24564 1.46001e-07
         680     6.24564 1.46001e-07
         681     6.24564 1.46001e-07
         682     6.24564 1.46001e-07
         683     6.24564 1.46001e-07
         684     6.24564 1.46001e-07
         685     6.24564 1.46001e-07
         686     6.24564 1.46001e-07
         687     6.24564 1.46001e-07
         688     6.24564 1.46001e-07
         689     6.24564 1.46001e-07
         690     6.24564 1.46001e-07
         691     6.24564 1.46001e-07
         692     6.24564 1.46001e-07
         693     6.24564 1.46001e-07
         694     6.24564 1.46001e-07
         695     6.24564 1.46001e-07
         696     6.24564 1.46001e-07
         697     6.24564 1.46001e-07
         698     6.24564 1.46001e-07
         699     6.24564 1.46001e-07
         700     6.24564 1.46001e-07
         701     6.24564 1.46001e-07
         702     6.24564 1.46001e-07
         703     6.24564 1.46001e-07
         704     6.24564 1.46001e-07
         705     6.24564 1.46001e-07
         706     6.24564 1.46001e-07
         707     6.24564 1.46001e-07
         708     6.24564 1.46001e-07
         709     6.24564 1.46001e-07
         710     6.24564 1.46001e-07
         711     6.24564 1.46001e-07
         712     6.24564 1.46001e-07
         713     6.24564 1.46001e-07
         714     6.24564 1.46001e-07
         715     6.24564 1.46001e-07
         716     6.24564 1.46001e-07
         717     6.24564 1.46001e-07
         718     6.24564 1.46001e-07
         719     6.24564 1.46001e-07
         720     6.24564 1.46001e-07
         721     6.24564 1.46001e-07
         722     6.24564 1.46001e-07
         723     6.24564 1.46001e-07
         724     6.24564 1.46001e-07
         725     6.24564 1.46001e-07
         726     6.24564 1.46001e-07
         727     6.24564 1.46001e-07
         728     6.24564 1.46001e-07
         729     6.24564 1.46001e-07
         730     6.24564 1.46001e-07
         731     6.24564 1.46001e-07
         732     6.24564 1.46001e-07
         733     6.24564 1.46001e-07
         734     6.24564 1.46001e-07
         735     6.24564 1.46001e-07
         736     6.24564 1.46001e-07
         737     6.24564 1.46001e-07
         738     6.24564 1.46001e-07
         739     6.24564 1.46001e-07
         740     6.24564 1.46001e-07
         741     6.24564 1.46001e-07
         742     6.24564 1.46001e-07
         743     6.24564 1.46001e-07
         744     6.24564 1.46001e-07
         745     6.24564 1.46001e-07
         746     6.24564 1.46001e-07
         747     6.24564 1.46001e-07
         748     6.24564 1.46001e-07
         749     6.24564 1.46001e-07
         750     6.24564 1.46001e-07
         751     6.24564 1.46001e-07
         752     6.24564 1.46001e-07
         753     6.24564 1.46001e-07
         754     6.24564 1.46001e-07
         755     6.24564 1.46001e-07
         756     6.24564 1.46001e-07
         757     6.24564 1.46001e-07
         758     6.24564 1.46001e-07
         759     6.24564 1.46001e-07
         760     6.24564 1.46001e-07
         761     6.27065    0.101546
         762     6.24564 1.46001e-07
         763     6.24564 1.46001e-07
         764     6.24564 1.46001e-07
         765     6.24564 1.46001e-07
         766     6.24564 1.46001e-07
         767     6.24564 1.46001e-07
         768     6.24564 1.46001e-07
         769     6.24564 1.46001e-07
         770     6.24564 1.46001e-07
         771     6.24564 1.46001e-07
         772     6.24564 1.46001e-07
         773     6.24564 1.46001e-07
         774     6.24564 1.46001e-07
         775     6.24564 1.46001e-07
         776     6.24564 1.46001e-07
         777     6.24564 1.46001e-07
         778     6.24564 1.46001e-07
         779     6.24564 1.46001e-07
         780     6.24564 1.46001e-07
         781     6.24564 1.46001e-07
         782     6.24564 1.46001e-07
         783     6.24564 1.46001e-07
         784     6.24564 1.46001e-07
         785     6.24564 1.46001e-07
         786     6.24564 1.46001e-07
         787     6.24564 1.46001e-07
         788     6.24564 1.46001e-07
         789     6.24564 1.46001e-07
         790     6.24564 1.46001e-07
         791     6.24564 1.46001e-07
         792     6.24564 1.46001e-07
         793     6.24564 1.46001e-07
         794     6.24564 1.46001e-07
         795     6.24564 1.46001e-07
         796     6.24564 1.46001e-07
         797     6.24564 1.46001e-07
         798     6.24564 1.46001e-07
         799     6.24564 1.46001e-07
         800     6.24564 1.46001e-07
         801     6.24564 1.46001e-07
         802     6.24564 1.46001e-07
         803     6.24564 1.46001e-07
         804     6.24564 1.46001e-07
         805     6.24564 1.46001e-07
         806     6.24564 1.46001e-07
         807     6.24564 1.46001e-07
         808     6.24564 1.46001e-07
         809     6.24564 1.46001e-07
         810     6.24564 1.46001e-07
         811     6.24564 1.46001e-07
         812     6.24564 1.46001e-07
         813     6.24564 1.46001e-07
         814     6.24564 1.46001e-07
         815     6.24564 1.46001e-07
         816     6.24564 1.46001e-07
         817     6.24564 1.46001e-07
         818     6.24564 1.46001e-07
         819     6.24564 1.46001e-07
         820     6.24564 1.46001e-07
         821     6.24564 1.46001e-07
         822     6.24564 1.46001e-07
         823     6.24564 1.46001e-07
         824     6.24564 1.46001e-07
         825     6.24564 1.46001e-07
         826     6.24564 1.46001e-07
         827     6.24564 1.46001e-07
         828     6.24564 1.46001e-07
         829     6.24564 1.46001e-07
         830     6.24564 1.46001e-07
         831     6.24564 1.46001e-07
         832     6.24564 1.46001e-07
         833     6.24564 1.46001e-07
         834     6.24564 1.46001e-07
         835     6.24564 1.46001e-07
         836     6.24564 1.46001e-07
         837     6.24564 1.46001e-07
         838     6.24564 1.46001e-07
         839     6.24564 1.46001e-07
         840     6.24564 1.46001e-07
         841     6.24564 1.46001e-07
         842     6.24564 1.46001e-07
         843     6.24564 1.46001e-07
         844     6.24564 1.46001e-07
         845     6.24564 1.46001e-07
         846     6.24564 1.46001e-07
         847     6.24564 1.46001e-07
         848     6.24564 1.46001e-07
         849     6.24564 1.46001e-07
         850     6.24564 1.46001e-07
         851     6.24564 1.46001e-07
         852     6.24564 1.46001e-07
         853     6.24564 1.46001e-07
         854     6.24564 1.46001e-07
         855     6.24564 1.46001e-07
         856     6.24564 1.46001e-07
         857     6.24564 1.46001e-07
         858     6.24564 1.46001e-07
         859     6.24564 1.46001e-07
         860     6.24564 1.46001e-07
         861     6.24564 1.46001e-07
         862     6.24564 1.46001e-07
         863     6.24564 1.46001e-07
         864     6.24564 1.46001e-07
         865     6.24564 1.46001e-07
         866     6.24564 1.46001e-07
         867     6.24564 1.46001e-07
         868     6.24564 1.46001e-07
         869     6.24564 1.46001e-07
         870     6.24564 1.46001e-07
         871     6.24564 1.46001e-07
         872     6.24564 1.46001e-07
         873     6.24564 1.46001e-07
         874     6.24564 1.46001e-07
         875     6.24564 1.46001e-07
         876     6.24564 1.46001e-07
         877     6.24564 1.46001e-07
         878     6.24564 1.46001e-07
         879     6.24564 1.46001e-07
         880     6.24564 1.46001e-07
         881     6.24564 1.46001e-07
         882     6.24564 1.46001e-07
         883     6.24564 1.46001e-07
         884     6.24564 1.46001e-07
         885     6.24564 1.46001e-07
         886     6.24564 1.46001e-07
         887     6.24564 1.46001e-07
         888     6.24564 1.46001e-07
         889     6.24564 1.46001e-07
         890     6.24564 1.46001e-07
         891     6.24564 1.46001e-07
         892     6.24564 1.46001e-07
         893     6.24564 1.46001e-07
         894     6.24564 1.46001e-07
         895     6.24564 1.46001e-07
         896     6.24564 1.46001e-07
         897     6.24564 1.46001e-07
         898     6.24564 1.46001e-07
         899     6.24564 1.46001e-07
         900     6.24564 1.46001e-07
         901     6.24564 1.46001e-07
         902     6.24564 1.46001e-07
         903     6.24564 1.46001e-07
         904     6.24564 1.46001e-07
         905     6.24564 1.46001e-07
         906     6.24564 1.46001e-07
         907     6.24564 1.46001e-07
         908     6.24564 1.46001e-07
         909     6.24564 1.46001e-07
         910     6.24564 1.46001e-07
         911     6.24564 1.46001e-07
         912     6.24564 1.46001e-07
         913     6.24564 1.46001e-07
         914     6.24564 1.46001e-07
         915     6.24564 1.46001e-07
         916     6.24564 1.46001e-07
         917     6.24564 1.46001e-07
         918     6.24564 1.46001e-07
         919     6.24564 1.46001e-07
         920     6.24564 1.46001e-07
         921     6.24564 1.46001e-07
         922     6.24564 1.46001e-07
         923     6.24564 1.46001e-07
         924     6.24564 1.46001e-07
         925     6.24564 1.46001e-07
         926     6.24564 1.46001e-07
         927     6.24564 1.46001e-07
         928     6.24564 1.46001e-07
         929     6.24564 1.46001e-07
         930     6.24564 1.46001e-07
         931     6.24564 1.46001e-07
         932     6.24564 1.46001e-07
         933     6.24564 1.46001e-07
         934     6.24564 1.46001e-07
         935     6.24564 1.46001e-07
         936     6.24564 1.46001e-07
         937     6.24564 1.46001e-07
         938     6.24564 1.46001e-07
         939     6.24564 1.46001e-07
         940     6.24564 1.46001e-07
         941     6.24564 1.46001e-07
         942     6.24564 1.46001e-07
         943     6.24564 1.46001e-07
         944     6.24564 1.46001e-07
         945     6.24564 1.46001e-07
         946     6.24564 1.46001e-07
         947     6.24564 1.46001e-07
         948     6.24564 1.46001e-07
         949     6.24564 1.46001e-07
         950     6.24564 1.46001e-07
         951     6.24564 1.46001e-07
         952     6.24564 1.46001e-07
         953     6.24564 1.46001e-07
         954     6.24564 1.46001e-07
         955     6.24564 1.46001e-07
         956     6.24564 1.46001e-07
         957     6.24564 1.46001e-07
         958     6.24564 1.46001e-07
         959     6.24564 1.46001e-07
         960     6.24564 1.46001e-07
         961     6.24564 1.46001e-07
         962     6.24564 1.46001e-07
         963     6.24564 1.46001e-07
         964     6.24564 1.46001e-07
         965     6.24564 1.46001e-07
         966     6.24564 1.46001e-07
         967     6.24564 1.46001e-07
         968     6.24564 1.46001e-07
         969     6.24564 1.46001e-07
         970     6.24564 1.46001e-07
         971     6.24564 1.46001e-07
         972     6.28133    0.157851
         973     6.24564 1.46001e-07
         974     6.24564 1.46001e-07
         975     6.24564 1.46001e-07
         976     6.24564 1.46001e-07
         977     6.24564 1.46001e-07
         978     6.24564 1.46001e-07
         979     6.24564 1.46001e-07
         980     6.24564 1.46001e-07
         981     6.24564 1.46001e-07
         982     6.24564 1.46001e-07
         983     6.24564 1.46001e-07
         984     6.24564 1.46001e-07
         985     6.24564 1.46001e-07
         986     6.24564 1.46001e-07
         987     6.24564 1.46001e-07
         988     6.24564 1.46001e-07
         989     6.24564 1.46001e-07
         990     6.24564 1.46001e-07
         991     6.24564 1.46001e-07
         992     6.24564 1.46001e-07
         993     6.24564 1.46001e-07
         994     6.24564 1.46001e-07
         995     6.24564 1.46001e-07
         996     6.24564 1.46001e-07
         997     6.24564 1.46001e-07
         998     6.24564 1.46001e-07
         999     6.24564 1.46001e-07
        1000     6.24564 1.46001e-07
