           0     34.0864
           1     31.8553
           2     31.8553
           3       31.71
           4     31.0117
           5      29.924
           6      29.924
           7     23.7354
           8     23.7354
           9     23.7354
          10     23.7354
          11     23.7354
          12     23.7354
          13     22.6836
          14     21.6619
          15     21.6619
          16     20.6101
          17     19.6221
          18     19.5675
          19     18.5752
          20     18.5752
          21      17.936
          22     17.0133
          23     16.8712
          24     16.8712
          25     16.0448
          26     15.9027
          27     15.9027
          28     15.9027
          29     15.6225
          30     15.5959
          31     14.9555
          32     14.4242
          33     14.4242
          34     14.2983
          35     14.2983
          36     13.7963
          37     13.7963
          38     13.7963
          39     13.7963
          40     13.7963
          41     13.7963
          42     12.5406
          43     12.5406
          44     12.5406
          45     12.5406
          46     12.5406
          47     12.5406
          48     12.4106
          49     12.0907
          50     12.0907
          51     12.0907
          52     12.0907
          53     12.0907
          54     12.0635
          55     12.0056
          56     12.0056
          57     12.0056
          58     11.9784
          59     11.9784
          60     11.7451
          61     11.7451
          62     11.6609
          63     11.6609
          64     11.6511
          65     11.6511
          66     10.5301
          67     10.5301
          68     10.5301
          69     10.5301
          70     10.5301
          71     10.5301
          72     10.5301
          73     10.5301
          74     10.5301
          75     10.5301
          76     10.5301
          77     10.5301
          78     10.5301
          79     10.5301
          80     10.5145
          81     10.5145
          82     10.5145
          83     10.0803
          84     10.0803
          85     10.0803
          86     10.0803
          87     10.0803
          88     10.0803
          89     10.0803
          90     10.0803
          91     10.0803
          92     10.0803
          93     9.96019
          94     9.96019
          95     9.95351
          96     9.95351
          97     9.66146
          98     9.66146
          99     9.66146
         100     9.66146
         101     9.66146
         102     9.65991
         103     9.65991
         104     9.65991
         105     9.49785
         106     9.49785
         107     9.49785
         108     9.49715
         109     9.49715
         110     9.49715
         111     8.21384
         112     8.21384
         113     8.21384
         114     8.21384
         115     8.21384
         116     8.21384
         117     8.21384
         118     8.21384
         119     8.21384
         120     8.21384
         121     8.21384
         122     8.21384
         123     7.62717
         124     7.62717
         125     7.62717
         126     7.62717
         127     7.62717
         128     7.62717
         129     7.62717
         130     7.62717
         131     7.62717
         132     7.62717
         133     7.62717
         134     7.62717
         135     7.62717
         136     7.62717
         137     7.62717
         138     7.62717
         139     7.62717
         140     7.62717
         141     7.62717
         142     7.62717
         143     7.62717
         144     7.41552
         145     7.41552
         146     7.41552
         147     7.41552
         148     7.41552
         149     7.41552
         150     7.41552
         151     7.41552
         152     7.41552
         153     7.41552
         154     6.65645
         155     6.65645
         156     6.65645
         157     6.52354
         158     6.52354
         159     6.52354
         160     6.52354
         161     6.52354
         162     6.52354
         163     6.52354
         164     6.52354
         165     6.52354
         166     6.52354
         167     6.52354
         168     6.52354
         169     6.52354
         170     6.52354
         171     6.52354
         172     6.51064
         173     6.51064
         174     6.51064
         175     6.51064
         176     6.51064
         177     6.51064
         178     6.51064
         179     6.51064
         180     6.51064
         181     6.51064
         182     6.51064
         183     6.51064
         184     6.51064
         185     6.51064
         186     6.51064
         187     6.51064
         188     6.51064
         189     6.51064
         190     6.51064
         191     6.51064
         192     6.51064
         193     6.51064
         194     6.51064
         195     6.51064
         196     6.51064
         197     6.51064
         198     6.51064
         199     6.51064
         200     6.51064
         201     6.51064
         202     6.51064
         203     6.51064
         204     6.51064
         205     6.51064
         206     6.51064
         207     6.51064
         208     6.51064
         209     6.51064
         210     6.51064
         211     6.51064
         212     6.51064
         213     6.51064
         214     6.51064
         215     6.51064
         216     6.51064
         217     6.51064
         218     6.51064
         219     6.51064
         220     6.51064
         221     6.51064
         222     6.51064
         223     6.51064
         224     6.51064
         225     6.51064
         226     6.51064
         227     6.51064
         228     6.51064
         229     6.51064
         230     6.51064
         231     6.51064
         232     6.51064
         233     6.51064
         234     6.51064
         235     6.24564
         236     6.24564
         237     6.24564
         238     6.24564
         239     6.24564
         240     6.24564
         241     6.24564
         242     6.24564
         243     6.24564
         244     6.24564
         245     6.24564
         246     6.24564
         247     6.24564
         248     6.24564
         249     6.24564
         250     6.24564
         251     6.24564
         252     6.24564
         253     6.24564
         254     6.24564
         255     6.24564
         256     6.24564
         257     6.24564
         258     6.24564
         259     6.24564
         260     6.24564
         261     6.24564
         262     6.24564
         263     6.24564
         264     6.24564
         265     6.24564
         266     6.24564
         267     6.24564
         268     6.24564
         269     6.24564
         270     6.24564
         271     6.24564
         272     6.24564
         273     6.24564
         274     6.24564
         275     6.24564
         276     6.24564
         277     6.24564
         278     6.24564
         279     6.24564
         280     6.24564
         281     6.24564
         282     6.24564
         283     6.24564
         284     6.24564
         285     6.24564
         286     6.24564
         287     6.24564
         288     6.24564
         289     6.24564
         290     6.24564
         291     6.24564
         292     6.24564
         293     6.24564
         294     6.24564
         295     6.24564
         296     6.24564
         297     6.24564
         298     6.24564
         299     6.24564
         300     6.24564
         301     6.24564
         302     6.24564
         303     6.24564
         304     6.24564
         305     6.24564
         306     6.24564
         307     6.24564
         308     6.24564
         309     6.24564
         310     6.24564
         311     6.24564
         312     6.24564
         313     6.24564
         314     6.24564
         315     6.24564
         316     6.24564
         317     6.24564
         318     6.24564
         319     6.24564
         320     6.24564
         321     6.24564
         322     6.24564
         323     6.24564
         324     6.24564
         325     6.24564
         326     6.24564
         327     6.24564
         328     6.24564
         329     6.24564
         330     6.24564
         331     6.24564
         332     6.24564
         333     6.24564
         334     6.24564
         335     6.24564
         336     6.24564
         337     6.24564
         338     6.24564
         339     6.24564
         340     6.24564
         341     6.24564
         342     6.24564
         343     6.24564
         344     6.24564
         345     6.24564
         346     6.24564
         347     6.24564
         348     6.24564
         349     6.24564
         350     6.24564
         351     6.24564
         352     6.24564
         353     6.24564
         354     6.24564
         355     6.24564
         356     6.24564
         357     6.24564
         358     6.24564
         359     6.24564
         360     6.24564
         361     6.24564
         362     6.24564
         363     6.24564
         364     6.24564
         365     6.24564
         366     6.24564
         367     6.24564
         368     6.24564
         369     6.24564
         370     6.24564
         371     6.24564
         372     6.24564
         373     6.24564
         374     6.24564
         375     6.24564
         376     6.24564
         377     6.24564
         378     6.24564
         379     6.24564
         380     6.24564
         381     6.24564
         382     6.24564
         383     6.24564
         384     6.24564
         385     6.24564
         386     6.24564
         387     6.24564
         388     6.24564
         389     6.24564
         390     6.24564
         391     6.24564
         392     6.24564
         393     6.24564
         394     6.24564
         395     6.24564
         396     6.24564
         397     6.24564
         398     6.24564
         399     6.24564
         400     6.24564
         401     6.24564
         402     6.24564
         403     6.24564
         404     6.24564
         405     6.24564
         406     6.24564
         407     6.24564
         408     6.24564
         409     6.24564
         410     6.24564
         411     6.24564
         412     6.24564
         413     6.24564
         414     6.24564
         415     6.24564
         416     6.24564
         417     6.24564
         418     6.24564
         419     6.24564
         420     6.24564
         421     6.24564
         422     6.24564
         423     6.24564
         424     6.24564
         425     6.24564
         426     6.24564
         427     6.24564
         428     6.24564
         429     6.24564
         430     6.24564
         431     6.24564
         432     6.24564
         433     6.24564
         434     6.24564
         435     6.24564
         436     6.24564
         437     6.24564
         438     6.24564
         439     6.24564
         440     6.24564
         441     6.24564
         442     6.24564
         443     6.24564
         444     6.24564
         445     6.24564
         446     6.24564
         447     6.24564
         448     6.24564
         449     6.24564
         450     6.24564
         451     6.24564
         452     6.24564
         453     6.24564
         454     6.24564
         455     6.24564
         456     6.24564
         457     6.24564
         458     6.24564
         459     6.24564
         460     6.24564
         461     6.24564
         462     6.24564
         463     6.24564
         464     6.24564
         465     6.24564
         466     6.24564
         467     6.24564
         468     6.24564
         469     6.24564
         470     6.24564
         471     6.24564
         472     6.24564
         473     6.24564
         474     6.24564
         475     6.24564
         476     6.24564
         477     6.24564
         478     6.24564
         479     6.24564
         480     6.24564
         481     6.24564
         482     6.24564
         483     6.24564
         484     6.24564
         485     6.24564
         486     6.24564
         487     6.24564
         488     6.24564
         489     6.24564
         490     6.24564
         491     6.24564
         492     6.24564
         493     6.24564
         494     6.24564
         495     6.24564
         496     6.24564
         497     6.24564
         498     6.24564
         499     6.24564
         500     6.24564
         501     6.24564
         502     6.24564
         503     6.24564
         504     6.24564
         505     6.24564
         506     6.24564
         507     6.24564
         508     6.24564
         509     6.24564
         510     6.24564
         511     6.24564
         512     6.24564
         513     6.24564
         514     6.24564
         515     6.24564
         516     6.24564
         517     6.24564
         518     6.24564
         519     6.24564
         520     6.24564
         521     6.24564
         522     6.24564
         523     6.24564
         524     6.24564
         525     6.24564
         526     6.24564
         527     6.24564
         528     6.24564
         529     6.24564
         530     6.24564
         531     6.24564
         532     6.24564
         533     6.24564
         534     6.24564
         535     6.24564
         536     6.24564
         537     6.24564
         538     6.24564
         539     6.24564
         540     6.24564
         541     6.24564
         542     6.24564
         543     6.24564
         544     6.24564
         545     6.24564
         546     6.24564
         547     6.24564
         548     6.24564
         549     6.24564
         550     6.24564
         551     6.24564
         552     6.24564
         553     6.24564
         554     6.24564
         555     6.24564
         556     6.24564
         557     6.24564
         558     6.24564
         559     6.24564
         560     6.24564
         561     6.24564
         562     6.24564
         563     6.24564
         564     6.24564
         565     6.24564
         566     6.24564
         567     6.24564
         568     6.24564
         569     6.24564
         570     6.24564
         571     6.24564
         572     6.24564
         573     6.24564
         574     6.24564
         575     6.24564
         576     6.24564
         577     6.24564
         578     6.24564
         579     6.24564
         580     6.24564
         581     6.24564
         582     6.24564
         583     6.24564
         584     6.24564
         585     6.24564
         586     6.24564
         587     6.24564
         588     6.24564
         589     6.24564
         590     6.24564
         591     6.24564
         592     6.24564
         593     6.24564
         594     6.24564
         595     6.24564
         596     6.24564
         597     6.24564
         598     6.24564
         599     6.24564
         600     6.24564
         601     6.24564
         602     6.24564
         603     6.24564
         604     6.24564
         605     6.24564
         606     6.24564
         607     6.24564
         608     6.24564
         609     6.24564
         610     6.24564
         611     6.24564
         612     6.24564
         613     6.24564
         614     6.24564
         615     6.24564
         616     6.24564
         617     6.24564
         618     6.24564
         619     6.24564
         620     6.24564
         621     6.24564
         622     6.24564
         623     6.24564
         624     6.24564
         625     6.24564
         626     6.24564
         627     6.24564
         628     6.24564
         629     6.24564
         630     6.24564
         631     6.24564
         632     6.24564
         633     6.24564
         634     6.24564
         635     6.24564
         636     6.24564
         637     6.24564
         638     6.24564
         639     6.24564
         640     6.24564
         641     6.24564
         642     6.24564
         643     6.24564
         644     6.24564
         645     6.24564
         646     6.24564
         647     6.24564
         648     6.24564
         649     6.24564
         650     6.24564
         651     6.24564
         652     6.24564
         653     6.24564
         654     6.24564
         655     6.24564
         656     6.24564
         657     6.24564
         658     6.24564
         659     6.24564
         660     6.24564
         661     6.24564
         662     6.24564
         663     6.24564
         664     6.24564
         665     6.24564
         666     6.24564
         667     6.24564
         668     6.24564
         669     6.24564
         670     6.24564
         671     6.24564
         672     6.24564
         673     6.24564
         674     6.24564
         675     6.24564
         676     6.24564
         677     6.24564
         678     6.24564
         679     6.24564
         680     6.24564
         681     6.24564
         682     6.24564
         683     6.24564
         684     6.24564
         685     6.24564
         686     6.24564
         687     6.24564
         688     6.24564
         689     6.24564
         690     6.24564
         691     6.24564
         692     6.24564
         693     6.24564
         694     6.24564
         695     6.24564
         696     6.24564
         697     6.24564
         698     6.24564
         699     6.24564
         700     6.24564
         701     6.24564
         702     6.24564
         703     6.24564
         704     6.24564
         705     6.24564
         706     6.24564
         707     6.24564
         708     6.24564
         709     6.24564
         710     6.24564
         711     6.24564
         712     6.24564
         713     6.24564
         714     6.24564
         715     6.24564
         716     6.24564
         717     6.24564
         718     6.24564
         719     6.24564
         720     6.24564
         721     6.24564
         722     6.24564
         723     6.24564
         724     6.24564
         725     6.24564
         726     6.24564
         727     6.24564
         728     6.24564
         729     6.24564
         730     6.24564
         731     6.24564
         732     6.24564
         733     6.24564
         734     6.24564
         735     6.24564
         736     6.24564
         737     6.24564
         738     6.24564
         739     6.24564
         740     6.24564
         741     6.24564
         742     6.24564
         743     6.24564
         744     6.24564
         745     6.24564
         746     6.24564
         747     6.24564
         748     6.24564
         749     6.24564
         750     6.24564
         751     6.24564
         752     6.24564
         753     6.24564
         754     6.24564
         755     6.24564
         756     6.24564
         757     6.24564
         758     6.24564
         759     6.24564
         760     6.24564
         761     6.24564
         762     6.24564
         763     6.24564
         764     6.24564
         765     6.24564
         766     6.24564
         767     6.24564
         768     6.24564
         769     6.24564
         770     6.24564
         771     6.24564
         772     6.24564
         773     6.24564
         774     6.24564
         775     6.24564
         776     6.24564
         777     6.24564
         778     6.24564
         779     6.24564
         780     6.24564
         781     6.24564
         782     6.24564
         783     6.24564
         784     6.24564
         785     6.24564
         786     6.24564
         787     6.24564
         788     6.24564
         789     6.24564
         790     6.24564
         791     6.24564
         792     6.24564
         793     6.24564
         794     6.24564
         795     6.24564
         796     6.24564
         797     6.24564
         798     6.24564
         799     6.24564
         800     6.24564
         801     6.24564
         802     6.24564
         803     6.24564
         804     6.24564
         805     6.24564
         806     6.24564
         807     6.24564
         808     6.24564
         809     6.24564
         810     6.24564
         811     6.24564
         812     6.24564
         813     6.24564
         814     6.24564
         815     6.24564
         816     6.24564
         817     6.24564
         818     6.24564
         819     6.24564
         820     6.24564
         821     6.24564
         822     6.24564
         823     6.24564
         824     6.24564
         825     6.24564
         826     6.24564
         827     6.24564
         828     6.24564
         829     6.24564
         830     6.24564
         831     6.24564
         832     6.24564
         833     6.24564
         834     6.24564
         835     6.24564
         836     6.24564
         837     6.24564
         838     6.24564
         839     6.24564
         840     6.24564
         841     6.24564
         842     6.24564
         843     6.24564
         844     6.24564
         845     6.24564
         846     6.24564
         847     6.24564
         848     6.24564
         849     6.24564
         850     6.24564
         851     6.24564
         852     6.24564
         853     6.24564
         854     6.24564
         855     6.24564
         856     6.24564
         857     6.24564
         858     6.24564
         859     6.24564
         860     6.24564
         861     6.24564
         862     6.24564
         863     6.24564
         864     6.24564
         865     6.24564
         866     6.24564
         867     6.24564
         868     6.24564
         869     6.24564
         870     6.24564
         871     6.24564
         872     6.24564
         873     6.24564
         874     6.24564
         875     6.24564
         876     6.24564
         877     6.24564
         878     6.24564
         879     6.24564
         880     6.24564
         881     6.24564
         882     6.24564
         883     6.24564
         884     6.24564
         885     6.24564
         886     6.24564
         887     6.24564
         888     6.24564
         889     6.24564
         890     6.24564
         891     6.24564
         892     6.24564
         893     6.24564
         894     6.24564
         895     6.24564
         896     6.24564
         897     6.24564
         898     6.24564
         899     6.24564
         900     6.24564
         901     6.24564
         902     6.24564
         903     6.24564
         904     6.24564
         905     6.24564
         906     6.24564
         907     6.24564
         908     6.24564
         909     6.24564
         910     6.24564
         911     6.24564
         912     6.24564
         913     6.24564
         914     6.24564
         915     6.24564
         916     6.24564
         917     6.24564
         918     6.24564
         919     6.24564
         920     6.24564
         921     6.24564
         922     6.24564
         923     6.24564
         924     6.24564
         925     6.24564
         926     6.24564
         927     6.24564
         928     6.24564
         929     6.24564
         930     6.24564
         931     6.24564
         932     6.24564
         933     6.24564
         934     6.24564
         935     6.24564
         936     6.24564
         937     6.24564
         938     6.24564
         939     6.24564
         940     6.24564
         941     6.24564
         942     6.24564
         943     6.24564
         944     6.24564
         945     6.24564
         946     6.24564
         947     6.24564
         948     6.24564
         949     6.24564
         950     6.24564
         951     6.24564
         952     6.24564
         953     6.24564
         954     6.24564
         955     6.24564
         956     6.24564
         957     6.24564
         958     6.24564
         959     6.24564
         960     6.24564
         961     6.24564
         962     6.24564
         963     6.24564
         964     6.24564
         965     6.24564
         966     6.24564
         967     6.24564
         968     6.24564
         969     6.24564
         970     6.24564
         971     6.24564
         972     6.24564
         973     6.24564
         974     6.24564
         975     6.24564
         976     6.24564
         977     6.24564
         978     6.24564
         979     6.24564
         980     6.24564
         981     6.24564
         982     6.24564
         983     6.24564
         984     6.24564
         985     6.24564
         986     6.24564
         987     6.24564
         988     6.24564
         989     6.24564
         990     6.24564
         991     6.24564
         992     6.24564
         993     6.24564
         994     6.24564
         995     6.24564
         996     6.24564
         997     6.24564
         998     6.24564
         999     6.24564
        1000     6.24564
