-0.115913   0.453517   -0.14206
0.133122   -0.291127   -0.28486
0.188016   -0.046131   0.0595401
-0.0434591   0.150187   -0.140854
-0.145834   0.448412   -0.227881
0.158557   -0.469949   -0.219905
0.293336   0.122219   0.107164
0.22058   -0.296452   -0.00573788
0.476488   0.425972   0.421976
0.267779   -0.187549   -0.220688
-0.304782   -0.0251174   0.128234
-0.476661   0.344256   -0.1353
0.0330547   -0.0925162   -0.0710276
0.303355   -0.447728   0.276239
0.350283   0.122688   -0.194782
-0.0516157   0.286981   0.0744406
0.387684   -0.122539   -0.17898
0.299196   -0.351046   0.270294
0.012863   -0.47868   0.0667674
0.229098   0.40394   0.0185478
0.124259   0.243502   0.0150125
0.190675   -0.150736   -0.266384
-0.26624   -0.419129   -0.220674
0.242618   -0.0659626   -0.0588306
-0.412845   -0.453041   0.438338
0.0929691   0.436295   0.138513
0.351773   0.374368   -0.309151
-0.464409   0.0342248   0.250558
-0.0279194   0.227174   -0.231948
0.279084   -0.0157614   -0.196673
-0.170204   -0.0332653   0.0772444
-0.0624522   0.473757   0.226703
-0.0457244   0.0380966   0.385925
0.481063   -0.0542119   0.215672
-0.25905   0.288214   0.485731
0.243778   0.392759   0.363568
-0.124337   -0.306146   -0.285748
-0.182289   0.0460949   0.15261
0.356094   -0.41087   -0.347329
-0.472604   -0.156312   -0.337793
-0.46264   0.346514   -0.216746
-0.325787   0.351739   -0.180796
0.488025   0.432149   -0.204024
-0.343416   0.106996   0.0371182
-0.45034   0.0644799   -0.398072
0.126065   -0.114442   0.138108
0.416752   -0.451886   0.398357
0.204472   -0.0275569   -0.126858
-0.162161   0.491242   0.244724
-0.374314   -0.0551791   0.490665
0.238879   -0.26414   0.324886
0.303997   -0.189928   -0.402727
-0.406248   0.140054   0.274635
-0.0193183   -0.461576   -0.0236934
-0.250553   -0.212514   -0.190467
0.122233   -0.356012   -0.388097
-0.0655463   0.263225   0.217249
-0.447788   0.248135   -0.392256
-0.399947   0.427644   -0.411523
-0.322061   0.43767   0.288325
-0.471008   -0.416001   -0.0081374
0.407634   -0.345043   0.0268793
-0.0961532   -0.401009   -0.423094
0.179516   0.288043   -0.0224014
-0.0420619   0.48355   0.423416
-0.141972   -0.0519915   -0.482988
-0.442228   -0.0825452   0.181895
0.483493   0.156833   0.391777
-0.274742   -0.298599   -0.097067
0.243965   -0.176619   -0.478554
0.412512   0.002451   -0.28409
-0.0514298   0.400117   -0.083174
0.458106   -0.348082   0.31475
0.169322   -0.282803   0.301885
-0.116603   -0.250772   0.0802761
-0.407806   -0.405367   -0.220374
0.474447   -0.142184   -0.0528268
-0.387953   0.147116   -0.0425707
-0.103309   -0.234321   -0.350507
-0.00337231   -0.256497   0.0751799
0.372692   0.175707   0.100177
-0.230308   0.293888   -0.171416
0.447649   0.102234   -0.468645
-0.435826   -0.282398   0.0143782
-0.233348   -0.40267   -0.371431
0.111709   -0.165526   -0.00118612
-0.37666   0.240652   -0.0787833
-0.42977   -0.107685   -0.108539
-0.379815   0.2157   -0.306729
0.464411   -0.20458   0.329438
-0.4233   0.0159726   -0.492683
-0.302923   0.139453   0.3682
-0.17988   0.152299   -0.202971
0.280524   0.0393124   -0.14443
-0.054541   -0.0890358   -0.244697
0.0788558   0.463549   0.266004
-0.0395649   0.34842   0.225107
-0.340124   -0.00865299   -0.113637
-0.0867704   -0.492226   0.0213855
-0.22698   -0.0351066   0.1407
-0.295693   0.106629   -0.415037
-0.123119   0.275575   -0.177763
-0.206192   0.239902   0.0132993
-0.285137   0.419791   -0.2093
0.168919   -0.384084   0.260341
-0.13057   -0.275539   -0.15032
-0.292864   -0.0531468   0.220562
-0.456145   0.0186515   -0.0561175
