-0.115932   0.453501   -0.141967
0.133071   -0.291085   -0.284893
0.187996   -0.0461224   0.0595369
-0.0435291   0.150214   -0.140809
-0.145783   0.448454   -0.227819
0.158504   -0.469948   -0.219915
0.29331   0.122231   0.107199
0.220573   -0.296455   -0.00572717
0.476551   0.425902   0.421957
0.267838   -0.187515   -0.220725
-0.30475   -0.0251471   0.128206
-0.476637   0.344288   -0.135378
0.0330333   -0.0925122   -0.07107
0.303383   -0.447714   0.276187
0.350263   0.122712   -0.194776
-0.0516295   0.286975   0.0744836
0.387701   -0.122497   -0.178978
0.299208   -0.351093   0.270329
0.0128433   -0.47869   0.0667605
0.229129   0.403985   0.0185829
0.124245   0.243504   0.0150488
0.190653   -0.15073   -0.266372
-0.266262   -0.419098   -0.220705
0.242606   -0.0659283   -0.0588536
-0.412822   -0.453027   0.438393
0.0929716   0.436275   0.138526
0.351772   0.374293   -0.309176
-0.464379   0.0341457   0.250572
-0.0279448   0.227168   -0.231938
0.279076   -0.0157395   -0.196669
-0.170201   -0.0333254   0.0772417
-0.0624277   0.473739   0.226729
-0.0457659   0.0380705   0.385893
0.481073   -0.0542168   0.215635
-0.259049   0.288214   0.485696
0.243854   0.392835   0.363544
-0.124352   -0.306078   -0.28582
-0.18227   0.0460703   0.152569
0.356088   -0.41089   -0.347346
-0.472587   -0.156322   -0.337801
-0.462692   0.34652   -0.216733
-0.325748   0.351791   -0.180811
0.488   0.432184   -0.204053
-0.343372   0.107079   0.0371464
-0.450368   0.0645352   -0.398101
0.12602   -0.114377   0.13807
0.416698   -0.451852   0.398323
0.204405   -0.0276344   -0.126888
-0.16217   0.491219   0.24467
-0.374352   -0.0551982   0.490708
0.238882   -0.264167   0.3249
0.303898   -0.18988   -0.402705
-0.406194   0.140026   0.274577
-0.0193241   -0.461514   -0.0236614
-0.250525   -0.212545   -0.190453
0.122213   -0.355999   -0.388088
-0.0654651   0.263252   0.217245
-0.447803   0.248154   -0.392221
-0.399929   0.427567   -0.411569
-0.322118   0.437716   0.288286
-0.47098   -0.415978   -0.00812685
0.407602   -0.345013   0.0268592
-0.0960679   -0.401069   -0.423076
0.179472   0.288083   -0.0223924
-0.0419999   0.483585   0.423461
-0.141983   -0.0521123   -0.483021
-0.442214   -0.0826181   0.18195
0.483412   0.156814   0.391819
-0.274695   -0.298513   -0.0970516
0.243971   -0.176635   -0.478659
0.412468   0.00252792   -0.284142
-0.05141   0.400081   -0.0831775
0.458134   -0.348188   0.314794
0.169344   -0.282817   0.301982
-0.116573   -0.250687   0.08022
-0.407792   -0.405392   -0.220343
0.474422   -0.142214   -0.0528681
-0.38792   0.147073   -0.0425711
-0.103199   -0.234359   -0.350499
-0.00337966   -0.256474   0.0752599
0.372695   0.175771   0.100133
-0.230303   0.293841   -0.171481
0.44759   0.102222   -0.468668
-0.435822   -0.282454   0.0143668
-0.233302   -0.402721   -0.371367
0.111719   -0.165545   -0.00114032
-0.376687   0.240705   -0.0787576
-0.429771   -0.107742   -0.108523
-0.379766   0.215664   -0.306695
0.464319   -0.204608   0.329299
-0.423242   0.0160182   -0.492764
-0.302933   0.139401   0.368304
-0.17989   0.152378   -0.202926
0.280511   0.039278   -0.14445
-0.0545953   -0.0890359   -0.244661
0.0788514   0.463477   0.266
-0.0395302   0.348472   0.225123
-0.340104   -0.0086715   -0.113622
-0.0867384   -0.492212   0.0213875
-0.226993   -0.0350357   0.140686
-0.295697   0.106572   -0.415074
-0.12316   0.275544   -0.177736
-0.206241   0.239895   0.0133219
-0.285112   0.419763   -0.209242
0.168987   -0.384053   0.260386
-0.130596   -0.275534   -0.150309
-0.292866   -0.0530825   0.220523
-0.456142   0.0186546   -0.0560517
