0 -0.771851 0.00577619
1 -0.77182 0.00585286
2 -0.77557 0.00579004
3 -0.781806 0.00505981
4 -0.779602 0.00440529
5 -0.78338 0.00478169
6 -0.781957 0.00561163
7 -0.783743 0.00511389
8 -0.78285 0.00467226
9 -0.785759 0.00483478
10 -0.785255 0.00634617
11 -0.785388 0.00615659
12 -0.785099 0.00510218
13 -0.779289 0.00578434
14 -0.77501 0.00522932
15 -0.775161 0.00512712
16 -0.774845 0.00539135
17 -0.777543 0.00484001
18 -0.777009 0.00435775
19 -0.776885 0.00325343
20 -0.7818 0.00331761
21 -0.7866 0.00299174
22 -0.78632 0.00274541
23 -0.786671 0.00307111
24 -0.783741 0.00345047
25 -0.781093 0.00333431
26 -0.780144 0.00368125
27 -0.77822 0.00389589
28 -0.780252 0.00396931
29 -0.779607 0.00317243
30 -0.774317 0.00453321
31 -0.773683 0.00430162
32 -0.774486 0.00490846
33 -0.773972 0.0049728
34 -0.778457 0.0046436
35 -0.780242 0.00419333
36 -0.780009 0.00341351
37 -0.777889 0.00265181
38 -0.776999 0.00263547
39 -0.777333 0.00354218
40 -0.773485 0.00328576
41 -0.77535 0.00335572
42 -0.777611 0.00278615
43 -0.775385 0.00350192
44 -0.772329 0.00395008
45 -0.776027 0.00325689
46 -0.776852 0.00379313
47 -0.7763 0.00471153
48 -0.775099 0.00502178
49 -0.774317 0.00499965
50 -0.774207 0.00448693
51 -0.774798 0.00444976
52 -0.775769 0.00447574
53 -0.783529 0.00435934
54 -0.784654 0.00424647
55 -0.778758 0.0041137
56 -0.777804 0.00414127
57 -0.776849 0.00404698
58 -0.779301 0.00365735
59 -0.778807 0.00395277
60 -0.780842 0.00380138
61 -0.78083 0.00394112
62 -0.78177 0.00434154
63 -0.785367 0.00411913
64 -0.785564 0.00522193
65 -0.785405 0.00545223
66 -0.787082 0.00501177
67 -0.784138 0.00354811
68 -0.782466 0.00390391
69 -0.783965 0.00350241
70 -0.783649 0.00353117
71 -0.782675 0.00396665
72 -0.782462 0.00376731
73 -0.779395 0.00393831
74 -0.780056 0.0045685
75 -0.77977 0.00436169
76 -0.781506 0.00410333
77 -0.777887 0.00379474
78 -0.779893 0.00401109
79 -0.782113 0.00373025
80 -0.78168 0.00348525
81 -0.781105 0.00370778
82 -0.782087 0.00406171
83 -0.782369 0.0044663
84 -0.782156 0.00416209
85 -0.782237 0.00434836
86 -0.779603 0.00376252
87 -0.78093 0.00332535
88 -0.778538 0.00330841
89 -0.778868 0.00359445
90 -0.778646 0.00320103
91 -0.779554 0.00290781
92 -0.778812 0.00271651
93 -0.780897 0.00300408
94 -0.778845 0.00259626
95 -0.774897 0.00322698
96 -0.776242 0.00306204
97 -0.777275 0.00318984
98 -0.777957 0.00344616
99 -0.776415 0.00426699
100 -0.776956 0.0038857
101 -0.776546 0.00359614
102 -0.779937 0.00312393
103 -0.77896 0.00412091
104 -0.777412 0.00391545
105 -0.778408 0.00383531
106 -0.776462 0.00364952
107 -0.777309 0.00319573
108 -0.773993 0.0036861
109 -0.780845 0.00271102
110 -0.777423 0.00309137
111 -0.779272 0.0029376
112 -0.782425 0.0030454
113 -0.783428 0.00278557
114 -0.781983 0.00326486
115 -0.783333 0.00272078
116 -0.784549 0.00284235
117 -0.784443 0.00358548
118 -0.786643 0.00354424
119 -0.785049 0.00355774
120 -0.7828 0.00442684
121 -0.786032 0.00379546
122 -0.785403 0.00352052
123 -0.786394 0.00357615
124 -0.787503 0.00387048
125 -0.787024 0.00389612
126 -0.785343 0.00340783
127 -0.785558 0.00295088
128 -0.781832 0.00286257
129 -0.784054 0.00261809
130 -0.786392 0.00302842
131 -0.785318 0.00346941
132 -0.783714 0.00388317
133 -0.780032 0.00387121
134 -0.779733 0.00404638
135 -0.780188 0.0042088
136 -0.781996 0.00407972
137 -0.780724 0.0033221
138 -0.780988 0.00369084
139 -0.780461 0.00363682
140 -0.783861 0.00351865
141 -0.783996 0.00376576
142 -0.788189 0.00347789
143 -0.78677 0.00402682
144 -0.783691 0.00339897
145 -0.78551 0.0029139
146 -0.77897 0.00346454
147 -0.779475 0.00307189
148 -0.77834 0.00304346
149 -0.780125 0.00325567
150 -0.78327 0.00401048
151 -0.785007 0.00346958
152 -0.781866 0.00284787
153 -0.778908 0.00330491
154 -0.78104 0.00314964
155 -0.783338 0.00240135
156 -0.781375 0.00297239
157 -0.782113 0.00271668
158 -0.780737 0.00335913
159 -0.779312 0.00325772
160 -0.780215 0.00378281
161 -0.782818 0.00333364
162 -0.783366 0.00389292
163 -0.784936 0.00349506
164 -0.780596 0.0035466
165 -0.777919 0.00404721
166 -0.780479 0.00372894
167 -0.777813 0.0029536
168 -0.779536 0.00302474
169 -0.776843 0.00332969
170 -0.778127 0.00336932
171 -0.778659 0.00368291
172 -0.777869 0.00405825
173 -0.775935 0.00403453
174 -0.777572 0.00463288
175 -0.780767 0.00428288
176 -0.77977 0.00434172
177 -0.777778 0.00405721
178 -0.778083 0.00310155
179 -0.777711 0.00287839
180 -0.776652 0.00394792
181 -0.775905 0.00388156
182 -0.780388 0.00377508
183 -0.779814 0.00401378
184 -0.774494 0.00431973
185 -0.778344 0.00419177
186 -0.780671 0.00396127
187 -0.774113 0.00431469
188 -0.779494 0.00346437
189 -0.779564 0.00380262
190 -0.77677 0.00374465
191 -0.776689 0.00351515
192 -0.78065 0.00262228
193 -0.7784 0.0034645
194 -0.779673 0.00297392
195 -0.780247 0.00305364
196 -0.77976 0.00376917
197 -0.779688 0.00342952
198 -0.783014 0.00343766
199 -0.780064 0.00402904
200 -0.777352 0.00330592
201 -0.780776 0.00346293
202 -0.780587 0.0032718
203 -0.782252 0.00278179
204 -0.782447 0.00263487
205 -0.78367 0.00265104
206 -0.784358 0.00232422
207 -0.782884 0.00195507
208 -0.776845 0.00236674
209 -0.777 0.00197404
210 -0.77845 0.00265053
211 -0.777339 0.00251283
212 -0.778509 0.00281227
213 -0.779161 0.00298751
214 -0.77998 0.00266695
215 -0.779065 0.00244624
216 -0.780618 0.00230762
217 -0.777249 0.00213505
218 -0.780968 0.00217414
219 -0.781658 0.00264363
220 -0.784075 0.00253907
221 -0.782571 0.00239218
222 -0.781669 0.00298695
223 -0.783301 0.00276597
224 -0.784682 0.00310983
225 -0.785135 0.00329805
226 -0.783617 0.00302764
227 -0.78757 0.00331142
228 -0.789611 0.00331706
229 -0.787553 0.00366247
230 -0.786882 0.00325911
231 -0.784807 0.00389999
232 -0.787949 0.00395492
233 -0.787968 0.00427879
234 -0.785576 0.00413345
235 -0.781593 0.00391359
236 -0.778892 0.00324179
237 -0.782033 0.00391806
238 -0.780357 0.00312506
239 -0.780642 0.00322153
240 -0.779145 0.0029126
241 -0.773956 0.0023975
242 -0.775577 0.00318216
243 -0.771735 0.00369562
244 -0.774898 0.0036016
245 -0.777973 0.00370271
246 -0.779376 0.00381337
247 -0.780766 0.00378815
248 -0.783041 0.00394342
249 -0.781074 0.00365912
250 -0.779264 0.00342181
251 -0.777452 0.00395346
252 -0.776893 0.00431883
253 -0.780591 0.00357374
254 -0.782924 0.00382773
255 -0.781628 0.00328441
256 -0.779279 0.00306757
257 -0.779849 0.00380546
258 -0.777844 0.00370346
259 -0.77781 0.00323511
260 -0.778881 0.00380264
261 -0.781083 0.00312632
262 -0.778665 0.0032687
263 -0.78107 0.00360476
264 -0.780339 0.00383343
265 -0.78124 0.00316554
266 -0.784601 0.00345954
267 -0.787106 0.00342439
268 -0.789144 0.00334663
269 -0.785634 0.00363598
270 -0.785052 0.00456012
271 -0.779007 0.00392823
272 -0.778241 0.0034241
273 -0.778477 0.00333599
274 -0.782505 0.00286138
275 -0.782616 0.00452252
276 -0.781731 0.00422821
277 -0.781103 0.00469358
278 -0.78289 0.00447867
279 -0.786423 0.00458048
280 -0.784826 0.0030929
281 -0.787221 0.00327564
282 -0.784715 0.00428698
283 -0.777806 0.00486718
284 -0.773966 0.00551213
285 -0.77728 0.00635634
286 -0.781404 0.00696783
287 -0.779568 0.00639063
288 -0.777415 0.00554801
289 -0.776457 0.00449991
290 -0.770149 0.00441524
291 -0.771029 0.0044878
292 -0.776635 0.00447431
293 -0.780307 0.00509143
294 -0.778933 0.00368463
295 -0.778919 0.00387422
296 -0.77793 0.00419314
297 -0.767365 0.00504467
298 -0.768463 0.00514835
299 -0.767467 0.00455102
